SERIES<FREQ M PER 2015M01 TO 2021M09>!
M112XUMABK67.M=87.7208,90.0423,90.3732,90.1297,91.295,92.0894,93.284,93.4381,91.8012,91.5605,93.3405,91.5012,88.4527,86.6592,85.7468,84.927,86.6549,84.9238,79.3772,78.3606,78.6799,74.6939,76.6855,78.2758,76.9961,77.5819,76.5374,78.1799,78.5946,77.0224,76.9642,75.4933,77.1479,77.2558,77.5558,78.2211,78.8601,78.9566,79.1642,80.1627,78.6991,78.3672,78.0665,77.2509,78.0303,78.5122,78.1868,76.5934,77.6781,78.7006,79.8032,79.3281,78.6785,77.074,75.9864,74.7525,76.5024,78.1183,79.4941,80.5495,80.2626,80.5821,76.7936,78.0769,77.1314,76.9076,76.9252,78.1236,77.1813,77.3928,78.2207,78.0228,79.0222,80.6079,81.6918,81.3413,81.9607,82.0463,81.8587,82.0409,81.6087;
SERIES<FREQ M PER 2015M01 TO 2021M09>!
M112XUMLBK67.M=88.5426,91.4063,89.9674,90.6789,91.3999,93.3964,93.5908,91.8952,91.0074,93.1742,93.4143,90.4205,87.4889,85.3581,85.1429,86.3996,87.7987,80.6192,79.6456,78.8748,77.674,74.376,78.1338,77.3769,77.6051,77.3671,77.4226,79.3624,77.618,77.4421,76.9846,74.7117,78.2916,78.2875,78.7186,78.1155,79.8757,78.5673,79.7008,79.3638,78.344,78.2065,77.8275,77.7844,78.0985,77.7853,77.4367,76.7975,78.851,80.243,79.2959,79.6644,77.3502,76.8892,75.0272,75.5198,76.7839,79.4053,80.0119,80.7263,81.154,79.2819,77.6327,78.8443,76.6493,75.9944,78.1297,78.8866,77.3288,77.6408,78.4847,78.8867,79.6842,81.3029,82.1084,81.0567,82.2756,81.7181,82.2488,81.5498,80.9534;
SERIES<FREQ M PER 2015M01 TO 2021M08>!
M158CPIJPS924.M=99.5,99.5,99.5,99.6,99.5,99.6,99.7,99.7,99.7,99.7,99.8,99.8,99.8,99.8,99.9,99.9,99.9,100.0,100.0,99.9,100.0,100.0,100.0,100.0,100.0,99.9,99.9,99.9,99.9,99.9,100.0,99.9,100.0,100.1,100.1,100.1,100.0,100.2,100.1,100.1,100.2,100.2,100.2,100.4,100.2,100.3,100.4,100.4,100.5,100.6,100.5,100.6,100.5,100.5,100.5,100.6,100.5,100.4,100.5,100.5,100.6,100.5,100.6,100.1,100.2,100.1,100.1,99.5,99.6,99.5,99.6,99.6,100.5,100.5,100.4,98.3,98.4,98.4,98.7,98.2;
SERIES<FREQ M PER 2015M01 TO 2021M09>!
M158CPIKTS924.M=98.9,98.9,98.9,99.0,99.0,99.1,99.2,99.2,99.2,99.2,99.3,99.3,99.3,99.3,99.4,99.4,99.4,99.5,99.4,99.4,99.4,99.4,99.4,99.4,99.4,99.3,99.4,99.3,99.5,99.3,99.3,99.3,99.4,99.5,99.6,99.5,99.5,99.7,99.7,99.7,99.7,99.8,99.8,100.0,100.0,100.1,100.1,100.2,100.3,100.4,100.3,100.5,100.4,100.5,100.4,100.5,100.4,100.3,100.4,100.5,100.5,100.5,100.5,100.1,100.2,100.1,100.2,99.4,99.6,99.6,99.6,99.7,100.7,100.5,100.5,98.9,99.1,99.2,99.4,98.9,99.0;
SERIES<FREQ M PER 2015M01 TO 2021M06>!
M576MASRI1.M=5.35,5.35,5.35,5.35,5.35,5.35,5.35,5.35,5.35,5.35,5.35,5.35,5.35,5.35,5.35,5.35,5.35,5.35,5.35,5.35,5.35,5.35,5.35,5.35,5.28,5.28,5.28,5.28,5.28,5.28,5.28,5.28,5.28,5.28,5.28,5.28,5.33,5.33,5.33,5.33,5.33,5.33,5.33,5.33,5.33,5.33,5.33,5.33,5.25,5.25,5.25,5.25,5.25,5.25,5.25,5.25,5.25,5.25,5.25,5.25,5.25,5.25,5.25,5.25,5.25,5.25,5.25,5.25,5.25,5.25,5.25,5.25,5.25,5.25,5.25,5.25,5.25,5.25;
SERIES<FREQ W PER 2015:1:3 TO 2021:10:2>!
W111NYA.W=10711.4,10660.3,10788.3,10537.2,10847.5,11042.7,11108.7,11062.8,10842.2,10751.0,11070.5,10875.1,10953.2,11112.7,11058.5,11192.9,11140.4,11196.5,11228.3,11197.7,11056.3,10979.3,11009.9,11039.0,11040.3,10864.8,10853.9,10987.2,10722.0,10882.3,10763.2,10782.2,10195.7,10242.1,9871.9,10040.2,10031.6,9857.3,9973.6,10361.3,10421.9,10506.5,10461.0,10513.4,10155.1,10444.2,10450.5,10408.9,9976.7,9967.6,10258.5,10143.4,9528.8,9299.6,9426.9,9632.7,9390.3,9229.7,9486.0,9619.8,9968.4,10104.2,10223.4,10086.6,10220.0,10119.7,10355.6,10511.0,10436.9,10308.8,10228.1,10250.5,10469.5,10487.9,10446.1,10347.9,10183.5,10515.8,10571.8,10773.1,10805.0,10785.5,10782.9,10822.4,10829.2,10749.3,10856.9,10613.5,10532.3,10718.0,10721.7,10626.9,10521.3,10571.9,10476.6,10289.3,10652.2,10709.5,10878.1,10838.6,11191.8,11125.2,11128.8,11056.9,11237.6,11227.2,11192.8,11283.2,11310.7,11377.7,11510.9,11541.3,11598.4,11500.8,11589.0,11418.9,11492.8,11445.6,11324.5,11389.1,11536.1,11615.6,11547.0,11542.7,11631.9,11718.7,11744.7,11772.0,11733.2,11761.7,11753.0,11897.3,11924.6,11954.7,11984.9,11763.2,11699.8,11812.0,11918.1,11888.0,12080.1,12151.8,12209.2,12317.7,12352.0,12430.5,12366.4,12373.1,12322.6,12302.9,12421.9,12614.6,12643.1,12699.7,12797.4,12808.8,13103.2,13294.3,13384.5,13637.0,13085.3,12405.8,12874.4,12884.1,12558.0,12918.8,12784.4,12177.7,12452.1,12349.1,12546.0,12607.2,12594.0,12493.3,12761.8,12717.4,12634.9,12620.8,12832.1,12734.6,12639.6,12504.3,12664.9,12769.5,12789.9,12921.3,12953.3,12843.5,12908.3,12999.4,13016.9,12911.1,13050.5,13236.4,13082.5,12992.0,12439.4,12457.3,11977.0,12321.8,12537.5,12400.3,12036.2,12457.5,11941.9,11755.4,11036.8,11291.0,11533.3,11848.0,12151.8,12127.3,12329.7,12292.1,12603.5,12694.5,12700.7,12415.1,12715.8,12539.4,12696.9,12927.7,12969.5,12922.7,12991.2,13037.9,12788.1,12657.6,12581.4,12264.5,12765.9,12787.2,13047.2,13049.7,13210.9,13234.8,13112.0,13235.5,12839.5,12748.4,12580.4,12416.5,12736.9,12933.4,13124.3,13093.8,12972.0,12831.5,12926.9,13006.6,13146.2,13300.3,13407.8,13493.0,13441.0,13545.2,13588.3,13697.3,13889.3,13944.1,13917.0,13958.0,14183.2,13978.5,13614.1,13931.9,14097.3,13975.8,12381.0,12352.0,10852.0,9133.2,10187.2,9880.6,11136.6,11208.3,11017.9,11058.6,11354.3,10947.3,11332.0,11803.0,12641.4,11867.2,11980.1,11604.4,11991.5,12075.6,12402.7,12461.8,12465.0,12765.8,12902.5,12809.1,13171.0,12917.2,12773.0,12833.6,12485.4,12749.8,13252.6,13169.3,13199.9,12429.3,13218.7,13761.3,13827.0,14198.5,14417.3,14355.3,14467.8,14382.5,14524.8,14966.8,14894.2,14951.8,14397.2,15069.6,15369.6,15362.7,15010.5,15251.8,15715.2,15562.3,15682.5,15752.2,15956.4,16186.3,16206.0,16219.3,16590.4,16415.4,16375.0,16555.7,16708.7,16694.9,16144.0,16658.8,16674.8,16633.3,16364.7,16552.4,16602.3,16748.1,16868.1,16516.7,16844.8,16909.7,16563.5,16460.3,16539.2,16323.7,16327.1;
SERIES<FREQ W PER 2015:1:3 TO 2021:10:2>!
W158TOPIX.W=1380.58,1363.73,1403.22,1415.07,1417.19,1449.38,1500.33,1523.85,1540.84,1560.33,1580.51,1552.78,1564.16,1589.54,1588.69,1618.84,1585.61,1587.76,1607.11,1647.85,1673.65,1667.06,1651.48,1631.01,1667.03,1652.09,1583.55,1662.94,1655.86,1659.52,1679.19,1664.46,1573.01,1549.8,1444.53,1480.23,1462.38,1453.81,1444.92,1515.13,1505.84,1547.84,1558.2,1563.59,1585.83,1603.18,1594.45,1574.02,1549.51,1537.1,1516.19,1547.3,1447.32,1402.45,1374.19,1432.07,1368.97,1196.28,1291.82,1311.27,1375.35,1359.32,1345.05,1366.05,1301.4,1287.69,1361.4,1407.5,1340.55,1298.32,1320.19,1343.4,1349.93,1337.23,1330.72,1250.83,1204.48,1254.44,1209.88,1317.1,1327.51,1322.74,1279.9,1323.22,1295.67,1287.9,1340.76,1343.86,1311.5,1349.56,1322.78,1350.61,1347.19,1365.29,1392.41,1347.04,1378.28,1428.46,1464.53,1477.98,1525.36,1550.67,1543.82,1518.61,1553.32,1544.89,1533.46,1549.25,1514.99,1546.56,1544.54,1550.14,1558.05,1574.01,1565.85,1543.92,1512.6,1489.77,1459.07,1488.58,1531.8,1550.3,1580.71,1559.73,1569.42,1612.2,1591.66,1596.04,1611.34,1611.9,1607.06,1625.48,1629.99,1621.22,1631.45,1617.25,1597.36,1596.99,1619.59,1593.54,1638.94,1664.61,1674.75,1687.16,1708.62,1730.64,1771.05,1794.08,1800.44,1763.76,1780.56,1796.53,1803.73,1793.47,1829.08,1817.56,1880.34,1876.24,1889.74,1879.39,1864.2,1731.97,1737.37,1760.53,1708.34,1715.48,1736.63,1664.94,1716.3,1719.3,1729.36,1751.13,1777.23,1771.52,1794.96,1815.25,1771.7,1749.17,1781.44,1789.04,1744.83,1730.89,1691.54,1730.07,1744.98,1775.76,1742.58,1720.16,1697.53,1709.2,1735.35,1684.31,1728.61,1804.02,1817.25,1792.65,1702.45,1692.85,1596.01,1658.76,1672.98,1629.3,1628.96,1667.45,1620.45,1592.16,1488.19,1494.09,1471.16,1529.73,1557.59,1566.1,1564.63,1539.4,1577.29,1609.52,1615.72,1572.44,1602.63,1617.11,1591.64,1625.75,1605.4,1616.93,1617.93,1617.93,1549.42,1554.25,1541.21,1512.28,1532.39,1546.71,1545.9,1551.14,1592.58,1576.31,1563.96,1571.52,1533.46,1503.84,1485.29,1502.25,1511.86,1537.1,1609.87,1616.23,1604.25,1572.9,1595.27,1621.99,1648.44,1666.5,1702.77,1696.67,1691.34,1699.36,1713.36,1739.98,1733.07,1733.18,1721.36,1735.16,1735.44,1730.44,1684.44,1732.14,1702.87,1674.0,1510.87,1471.46,1261.7,1283.22,1459.49,1325.13,1430.04,1442.54,1421.29,1431.26,1458.28,1453.77,1477.8,1563.67,1612.48,1570.68,1582.8,1577.37,1552.33,1535.2,1573.85,1572.96,1496.06,1546.74,1623.38,1604.06,1604.87,1616.6,1636.64,1646.42,1634.23,1609.22,1647.38,1617.69,1625.32,1579.33,1658.49,1703.22,1727.39,1786.52,1775.94,1782.01,1793.24,1778.41,1804.68,1854.94,1856.61,1856.64,1808.78,1890.95,1933.88,1928.95,1864.49,1896.18,1951.06,2012.21,1984.16,1971.62,1959.47,1960.87,1914.98,1898.24,1933.05,1883.42,1904.69,1947.44,1959.19,1954.02,1946.56,1962.65,1956.31,1912.38,1932.19,1904.41,1901.08,1929.34,1956.39,1880.68,1928.77,2015.45,2091.65,2100.17,2090.75,1986.31,1956.79;
SERIES<FREQ W PER 2015:1:3 TO 2021:10:2>!
W532HSCCI.W=4513.35,4496.82,4623.3,4480.65,4549.11,4618.61,4623.57,4657.1,4578.4,4389.86,4457.15,4546.98,4795.99,5246.68,5358.24,5520.31,5554.67,5376.58,5345.63,5306.79,5176.19,5100.58,5050.41,4883.49,4904.81,4775.16,4535.19,4600.52,4568.51,4421.12,4395.03,4311.61,4053.78,4057.83,3862.39,4020.17,4048.53,3920.4,4042.1,4135.4,4275.44,4253.69,4146.37,4214.97,4112.15,4180.82,4043.87,4172.82,3978.4,4007.17,4061.99,4052.12,3711.0,3446.36,3373.23,3472.35,3403.48,3251.85,3491.48,3487.77,3677.89,3694.44,3745.15,3679.73,3700.15,3700.25,3890.64,3863.23,3749.34,3567.07,3491.33,3505.56,3565.78,3640.2,3629.48,3468.64,3481.58,3624.86,3579.36,3715.4,3778.62,3713.94,3746.87,3899.78,3965.47,3926.18,3936.99,4085.85,3885.32,3973.7,3861.2,3927.2,3858.05,3888.21,3789.33,3729.84,3690.56,3691.86,3744.49,3758.13,3754.23,3625.43,3510.76,3587.99,3652.13,3743.98,3711.83,3768.56,3759.17,3920.18,3863.1,3888.45,3851.82,3856.11,4027.45,3985.61,3938.32,4036.14,4012.12,3925.97,3941.47,3840.88,3918.91,3967.82,4056.22,4083.54,4065.82,3986.87,4023.24,4005.23,3954.17,4132.99,4231.29,4232.43,4294.51,4199.44,4210.56,4313.35,4343.49,4320.49,4361.81,4362.89,4298.97,4410.35,4379.0,4395.4,4395.65,4417.33,4437.03,4324.05,4381.67,4302.8,4220.28,4238.98,4371.46,4426.25,4560.14,4658.24,4745.79,4891.51,4818.65,4322.34,4519.56,4579.84,4455.64,4515.46,4499.28,4418.11,4408.61,4411.15,4491.36,4438.61,4465.1,4429.4,4609.25,4681.43,4588.06,4632.42,4658.22,4576.38,4418.22,4376.51,4230.0,4311.91,4221.11,4343.92,4178.6,4274.35,4036.68,4219.02,4316.62,4267.3,4310.2,4480.76,4448.84,4285.76,4156.33,4137.2,4055.21,4289.89,4195.43,4310.75,4261.35,4338.56,4283.81,4314.07,4123.71,4114.33,4106.36,4275.14,4338.0,4358.46,4405.3,4370.56,4451.98,4584.13,4539.04,4408.4,4550.96,4546.08,4679.15,4728.88,4683.69,4657.41,4582.4,4619.96,4429.23,4345.47,4272.86,4285.86,4273.92,4295.75,4416.42,4446.05,4519.49,4456.47,4454.56,4407.92,4205.62,4109.42,4077.64,4209.81,4155.88,4230.34,4312.06,4255.95,4130.22,4145.78,4306.1,4311.35,4287.75,4318.71,4400.24,4236.26,4263.74,4162.16,4242.82,4394.22,4443.53,4512.28,4545.19,4527.45,4596.31,4434.94,4098.62,4326.04,4357.78,4275.4,4033.53,4109.11,3648.46,3406.52,3534.63,3607.54,3803.18,3763.13,3700.59,3863.82,3823.64,3732.08,3602.84,3656.71,3886.14,3794.04,3866.25,3841.14,4065.05,4242.78,4040.67,3957.15,4011.91,4013.77,4135.67,4096.7,4073.4,3907.95,3790.59,3808.34,3584.05,3589.83,3649.25,3640.86,3677.32,3536.98,3783.98,3903.24,3856.15,3882.81,3752.6,3667.94,3702.49,3709.91,3799.56,3890.77,3994.09,4031.33,3874.18,3967.2,4031.3,4223.95,4074.59,4108.99,4074.45,4155.43,4127.0,4103.17,4067.66,4144.61,4129.71,4058.39,4119.57,4069.77,4111.64,4168.09,4100.86,4160.1,4048.17,4086.2,3957.27,3830.82,3816.37,3794.28,3585.58,3686.24,3841.77,3753.92,3832.37,3998.59,4042.77,3904.77,3880.52,3956.32,3903.31;
SERIES<FREQ W PER 2015:1:3 TO 2021:10:2>!
W532HSCEI.W=12081.24,12076.74,12260.06,11720.1,11697.32,11922.56,12066.1,12185.85,11606.93,11712.23,12156.4,11898.09,12663.12,13987.53,14536.67,14488.99,14431.11,14049.66,14009.76,14433.36,14103.81,13914.61,13984.0,13186.05,13088.19,12608.98,11858.55,11850.14,11679.02,11131.68,11227.94,11060.06,10195.05,9750.73,9169.59,9718.28,10028.38,9512.26,9686.64,10406.79,10637.01,10742.04,10396.58,10555.97,10181.47,10302.0,9855.66,9834.28,9308.0,9634.41,9953.21,9661.03,8845.89,8236.28,8104.98,8241.36,8054.87,7505.37,8112.57,8034.3,8557.69,8561.37,8883.01,8701.13,8842.86,8704.81,9214.98,9120.91,8939.47,8471.7,8301.39,8303.58,8595.28,8809.81,8831.97,8485.87,8530.1,8712.89,8534.79,9049.66,9031.93,8958.97,9131.52,9554.85,9606.17,9550.04,9686.88,10057.97,9595.73,9796.01,9581.93,9923.82,9601.4,9686.38,9515.32,9491.51,9433.37,9349.31,9790.23,9781.23,9867.95,9470.33,9181.75,9394.87,9611.05,9787.34,9715.72,9804.05,9683.23,10125.21,10360.13,10418.66,10144.47,10069.1,10513.52,10477.81,10273.67,10273.8,10204.34,10050.02,10219.89,9926.26,10282.65,10267.39,10579.67,10666.43,10592.17,10384.89,10430.04,10365.22,10251.83,10728.07,10787.13,10756.08,11003.08,10572.97,10693.65,11288.36,11285.55,11149.64,11067.55,11109.0,10910.04,11459.09,11519.81,11558.35,11643.57,11602.4,11745.81,11608.73,11908.19,11449.43,11289.57,11365.92,11653.08,11709.3,12211.63,12468.93,13179.52,13723.96,13538.66,11901.67,12535.51,12735.06,12203.91,12431.2,12673.07,12128.27,11998.34,11967.66,12261.23,12054.23,12066.58,11890.62,12345.3,12355.13,12047.75,12020.09,12165.79,11870.18,11339.87,11073.0,10622.62,10746.45,10682.64,11047.42,10693.79,10943.08,10513.83,10779.71,10875.58,10559.54,10575.17,11027.13,11017.87,10530.32,10299.09,10222.18,10058.63,10687.77,10431.46,10583.77,10388.53,10621.74,10369.4,10359.43,10100.95,9992.22,10029.65,10454.95,10636.97,10873.67,11063.94,10956.58,10937.33,11427.29,11506.94,11156.82,11508.17,11517.48,11379.62,11692.37,11659.84,11768.63,11510.87,11575.05,10931.05,10688.75,10445.54,10387.17,10334.32,10419.87,10921.47,10881.85,10895.1,10788.34,10909.41,10853.17,10348.63,9993.84,9964.3,10194.73,10083.2,10430.67,10687.75,10375.65,10148.77,10147.33,10452.58,10540.04,10466.3,10622.5,10882.3,10424.8,10506.17,10301.82,10407.18,10838.11,11030.23,11194.55,11253.55,11267.48,11419.91,10976.19,10240.51,10705.17,10863.45,10790.84,10302.36,10456.93,9650.15,9118.67,9504.92,9491.1,9811.12,9815.2,9656.19,10040.87,9868.34,9674.57,9426.78,9561.03,10066.25,9832.53,9974.59,9853.18,10243.29,10541.26,10203.57,10080.86,10039.96,10063.43,10266.46,10212.21,10182.83,9883.98,9752.5,9803.1,9302.59,9397.37,9617.85,9914.9,10125.59,9760.24,10497.8,10545.27,10553.35,10790.3,10624.65,10452.5,10483.34,10430.53,10738.4,10955.55,11320.53,11677.45,11208.78,11561.32,11880.49,12106.77,11247.21,11292.22,11172.95,11283.92,10966.06,11217.41,10977.37,11027.51,11067.84,10825.25,10699.0,10404.95,10702.57,10793.55,10805.64,10750.95,10646.39,10878.45,10415.58,9885.42,10152.95,9839.05,9233.22,9273.55,9377.79,8742.44,8957.81,9291.71,9386.84,8940.47,8604.99,8726.38,8654.83;
SERIES<FREQ W PER 2015:1:3 TO 2021:9:25>!
W924SSEA.W=3442.66,3538.42,3512.43,3363.87,3222.52,3356.82,3402.06,3468.7,3396.05,3534.33,3791.11,3868.52,4050.09,4227.93,4492.08,4603.65,4653.83,4406.32,4512.17,4877.43,4829.13,5260.25,5410.86,4689.56,4391.91,3861.59,4063.43,4146.03,4265.34,3838.07,3922.69,4154.38,3674.72,3386.18,3311.43,3352.36,3245.11,3239.04,3197.37,3334.03,3551.83,3573.85,3542.16,3759.86,3749.89,3801.97,3598.35,3690.9,3595.68,3746.76,3796.96,3704.29,3334.93,3036.04,3052.47,2864.76,2891.62,M,2992.8,2895.6,3007.99,2940.94,3092.59,3117.93,3149.47,3123.71,3221.34,3096.84,3074.87,3048.58,2958.66,2957.44,2952.78,3075.87,3063.75,3019.9,2987.58,3069.5,3127.86,3197.33,3153.8,3118.9,3116.08,3193.74,3253.77,3214.14,3211.05,3223.02,3143.28,3175.88,3145.17,M,3207.16,3236.31,3250.16,3272.24,3346.31,3342.99,3415.54,3396.71,3385.15,3269.75,3256.41,3249.59,3302.79,3259.27,3270.33,3308.06,3288.17,3347.39,3352.96,3406.79,3369.93,3364.1,3389.95,3423.77,3374.66,3441.76,3399.31,3322.8,3303.44,3249.4,3229.13,3236.48,3257.06,3252.43,3307.72,3270.77,3307.22,3343.39,3370.1,3374.82,3391.18,3407.06,3416.35,3360.18,3423.22,3489.14,3526.35,3524.05,3511.85,3510.62,3506.73,M,3550.46,3538.21,3578.29,3531.21,3594.97,3543.03,3512.48,3474.43,3445.63,3420.53,3452.99,3463.48,3552.17,3591.27,3653.13,3726.89,3626.27,3278.01,3350.57,3444.83,3408.6,3463.81,3424.64,3301.95,3318.71,3279.07,3308.38,3216.7,3227.92,3237.23,3312.95,3344.54,3290.02,3220.88,3212.37,3165.0,3026.62,2981.99,2877.01,2965.01,2963.15,3009.53,2869.92,2927.43,2794.91,2858.35,2853.9,2829.85,2808.26,2929.74,2954.75,M,2730.05,2671.08,2721.64,2802.97,2721.56,2805.43,2701.1,2710.17,2728.72,2716.0,2634.8,2611.38,2633.35,2674.18,2718.43,2724.5,2741.84,M,2809.06,2936.77,3135.75,3110.39,3164.79,3251.2,3237.2,3400.51,3339.8,3425.9,3232.46,3224.02,3078.25,3018.68,2988.1,3036.03,2961.8,3018.47,3144.23,3119.99,3153.8,3069.43,3062.77,3084.19,3004.02,2906.68,2958.19,3035.38,3023.71,3142.49,3175.62,3149.62,3071.7,3043.35,3115.31,3078.16,3095.8,3099.28,3105.52,3029.26,3022.97,3009.43,3051.31,3109.7,3148.59,3148.7,3231.19,3240.07,3222.53,3118.92,3118.92,3013.74,3056.79,3185.33,3018.36,3179.96,3025.88,2877.16,2905.17,2896.62,2930.86,2974.91,2943.51,2997.56,3034.58,3006.78,2949.33,2989.86,3072.03,3060.43,3110.56,3123.07,3304.72,3546.31,3368.9,3350.64,3469.43,3515.58,3522.0,3543.47,3567.58,3516.64,3417.02,3498.55,3374.05,3372.6,3429.25,3496.71,3435.57,3379.53,3471.43,3469.23,3540.14,3572.44,3610.59,3508.47,3558.51,3560.24,3640.46,3742.23,3738.25,3780.66,3650.95,3665.04,3831.54,3874.58,3678.27,3670.79,3619.43,3568.68,3582.99,3652.29,3616.86,3591.6,3641.47,3612.81,3583.46,3658.48,3654.54,3774.39,3764.9,3762.65,3694.91,3781.4,3688.2,3693.64,3709.49,3721.18,3560.74,3624.48,3685.34,3592.03,3691.53,3753.95,3881.19,3787.7,3786.72,3739.57;
SERIES<FREQ W PER 2015:1:3 TO 2021:9:25>!
W924SSEB.W=292.79,293.29,293.08,289.75,288.85,294.04,295.4,296.02,295.33,301.04,306.26,310.39,314.35,346.87,392.71,400.07,406.45,397.54,452.58,492.3,494.58,529.17,529.36,477.87,414.34,373.08,343.37,370.16,371.95,351.32,351.02,371.34,334.65,309.25,280.73,310.79,302.62,308.01,309.71,320.06,347.84,351.35,358.55,369.41,377.25,380.4,366.97,385.17,390.38,408.81,442.76,426.41,387.48,356.6,355.74,344.86,354.33,M,362.1,352.46,352.85,351.44,367.34,372.37,374.95,373.33,381.0,368.64,368.31,366.68,349.84,336.43,336.3,351.34,351.46,342.05,340.0,347.07,349.96,353.07,351.14,343.17,344.34,346.95,356.0,353.54,353.18,356.25,352.49,353.35,354.14,M,357.68,339.97,344.53,345.43,352.96,351.99,353.61,348.5,349.55,346.73,342.67,341.8,343.64,339.39,334.96,338.51,336.63,341.8,343.97,347.93,346.87,346.7,349.18,343.53,337.41,345.0,340.4,337.17,335.13,329.29,321.92,325.71,320.83,317.38,324.96,322.64,323.06,327.27,330.74,329.76,329.58,334.29,333.95,331.51,337.54,339.15,345.06,355.51,355.2,357.82,361.63,M,360.1,352.89,353.37,344.98,352.84,342.1,341.78,342.57,335.35,336.65,337.71,341.81,346.61,345.44,346.59,347.89,339.14,316.05,324.02,328.45,328.33,330.72,331.35,320.37,326.87,325.36,326.46,318.62,318.89,316.53,321.41,319.91,316.69,304.57,308.63,303.27,289.63,295.0,286.69,292.61,287.72,293.54,285.27,289.31,283.14,285.35,287.25,285.7,281.88,288.6,290.2,M,272.51,261.76,270.44,277.44,273.77,287.56,277.16,279.42,280.68,279.4,273.14,271.05,273.01,276.15,277.79,275.59,275.32,M,280.79,289.58,301.08,301.14,304.64,309.08,306.78,318.41,313.25,319.96,312.5,311.75,299.57,292.68,285.77,288.08,280.12,288.17,297.78,296.9,296.64,290.08,289.98,287.78,274.33,259.83,260.61,264.63,261.69,271.37,274.77,273.34,270.41,270.67,269.13,263.82,263.61,261.99,263.66,255.22,252.92,237.83,243.44,245.92,254.5,254.23,261.76,263.44,260.15,248.58,248.58,233.25,235.07,244.91,230.73,243.05,229.35,222.33,218.91,216.03,217.63,214.66,212.07,215.28,215.66,200.21,200.67,200.23,208.11,207.44,213.58,213.49,224.67,241.72,232.33,233.21,237.9,240.75,239.1,244.26,250.73,253.74,247.86,251.8,247.44,248.1,251.14,252.63,247.06,243.25,247.44,249.21,252.73,244.68,242.16,236.73,238.45,239.51,243.47,248.14,250.66,249.55,244.06,236.9,243.93,247.77,243.38,244.93,245.7,242.37,243.5,246.11,247.48,247.61,249.8,249.28,248.22,250.22,247.05,249.87,254.59,256.57,251.07,254.77,253.37,260.24,265.48,263.84,254.04,260.91,265.4,261.74,263.59,269.08,277.3,273.13,274.74,275.46;
SERIES<FREQ W PER 2015:1:3 TO 2021:10:2>!
W924SZSEA.W=1507.14,1544.57,1582.24,1580.27,1562.26,1640.11,1683.38,1703.65,1726.54,1785.62,1937.74,2024.52,2176.56,2247.88,2233.77,2359.51,2371.24,2375.56,2554.24,2867.49,2922.63,3194.06,3287.57,2869.21,2618.41,2194.18,2128.27,2291.02,2430.23,2207.79,2277.82,2417.69,2133.72,1931.75,1750.57,1863.04,1755.83,1774.91,1795.36,1894.56,2057.47,2109.7,2107.8,2252.14,2307.92,2392.1,2285.41,2336.64,2297.01,2443.57,2468.61,2415.5,2069.1,1877.94,1910.73,1766.0,1830.4,M,1935.06,1815.64,1784.64,1762.06,1921.42,1971.73,1988.84,2002.32,2069.68,1953.24,1959.99,1957.73,1866.38,1877.75,1890.28,2003.17,2007.16,1988.47,1988.38,2061.75,2105.33,2132.97,2112.78,2030.83,2030.87,2064.47,2139.01,2116.36,2101.83,2128.69,2071.26,2100.44,2087.32,M,2141.02,2147.28,2146.72,2162.61,2205.48,2208.98,2228.48,2180.83,2165.62,2083.51,2062.02,2059.91,2079.85,2009.51,1972.58,2005.61,1997.82,2040.28,2034.73,2092.59,2094.18,2106.61,2123.4,2141.25,2078.06,2121.9,2078.16,2008.5,1994.67,1958.95,1903.83,1938.96,1893.24,1870.7,1942.48,1951.76,1957.22,1984.76,2006.19,1967.16,1930.18,1953.82,1943.48,1926.87,1989.42,1997.79,2046.33,2066.74,2079.34,2079.95,2079.78,2079.78,2130.39,2091.47,2116.39,2066.51,2132.69,2043.95,2010.95,2004.88,1978.35,1988.47,1988.81,1986.42,2030.8,2038.23,2009.44,2039.47,1904.64,1755.79,1818.39,1856.12,1905.48,1971.7,1948.22,1847.32,1938.59,1915.53,1918.38,1859.86,1857.6,1871.2,1908.88,1912.69,1893.05,1826.23,1831.41,1768.77,1670.15,1680.91,1605.85,1677.56,1665.97,1671.93,1553.62,1584.92,1507.91,1526.67,1517.34,1498.52,1466.27,1510.86,1507.12,M,1355.16,1321.3,1349.26,1412.59,1388.7,1474.56,1396.04,1398.85,1412.43,1388.03,1343.29,1325.66,1337.82,1373.22,1382.44,1380.16,1369.65,1369.65,1452.8,1544.7,1636.36,1678.82,1716.57,1778.9,1772.83,1861.65,1818.2,1860.46,1742.15,1711.55,1640.44,1603.42,1564.51,1602.03,1530.7,1574.01,1649.73,1633.99,1674.52,1627.99,1631.69,1645.5,1610.36,1547.59,1595.41,1651.12,1651.74,1733.71,1758.56,1752.45,1686.33,1668.45,1712.26,1691.11,1707.58,1712.42,1724.61,1679.62,1681.52,1666.48,1715.93,1737.13,1778.67,1776.11,1841.99,1880.74,1889.5,1837.76,M,1816.34,1861.66,1995.62,1885.06,2003.88,1882.31,1783.47,1771.85,1767.91,1801.03,1831.47,1817.49,1845.19,1893.17,1892.52,1833.63,1869.38,1942.83,1957.62,2020.9,2038.28,2136.91,2356.02,2259.56,2238.03,2362.16,2378.71,2348.85,2354.86,2413.16,2397.35,2264.97,2323.31,2242.84,2249.63,2319.21,2371.06,2303.08,2300.49,2388.51,2374.43,2396.17,2357.88,2408.85,2327.25,2367.63,2379.62,2437.58,2531.97,2476.89,2570.51,2443.6,2440.94,2574.91,2583.36,2400.14,2405.25,2323.13,2296.57,2317.43,2366.87,2340.16,2322.97,2405.03,2405.47,2343.41,2400.14,2427.32,2504.54,2519.33,2519.63,2488.91,2555.34,2507.85,2549.74,2567.79,2582.52,2496.17,2556.32,2583.2,2499.66,2552.77,2526.16,2617.98,2559.49,2547.16,2506.09,2506.09;
SERIES<FREQ W PER 2015:1:3 TO 2021:10:2>!
W924SZSEB.W=1068.89,1073.35,1074.1,1070.04,1070.54,1099.91,1102.07,1107.25,1101.4,1115.12,1136.19,1149.6,1172.33,1273.15,1339.63,1396.91,1426.32,1458.59,1531.47,1555.34,1542.18,1603.12,1574.91,1514.01,1436.72,1327.81,1266.3,1306.38,1289.35,1233.47,1222.62,1244.04,1140.74,1086.82,1024.41,1072.49,1041.06,1025.53,1050.73,1107.01,1149.97,1160.88,1153.44,1184.44,1193.11,1214.16,1187.98,1237.17,1273.47,1305.91,1345.67,1309.36,1250.89,1164.87,1164.08,1146.77,1141.3,M,1165.67,1125.5,1117.78,1084.78,1121.17,1131.76,1137.77,1134.41,1152.55,1128.89,1129.95,1096.02,1052.91,1024.02,1046.35,1088.23,1088.43,1075.6,1068.1,1107.19,1116.92,1136.21,1144.78,1146.85,1149.47,1159.06,1166.95,1161.5,1167.75,1190.26,1177.27,1189.9,1186.23,M,1185.34,1165.66,1163.74,1163.73,1171.9,1159.14,1158.97,1161.8,1162.52,1134.22,1118.25,1127.7,1131.9,1109.69,1101.17,1114.49,1098.1,1111.99,1123.52,1149.67,1151.8,1135.07,1150.01,1152.12,1138.73,1155.1,1151.45,1139.17,1116.77,1101.34,1086.11,1095.17,1086.47,1079.81,1110.6,1118.53,1132.11,1151.19,1156.63,1166.65,1171.98,1177.14,1173.82,1160.95,1170.89,1153.9,1150.98,1162.84,1182.2,1185.75,1196.54,1196.54,1213.31,1206.21,1219.55,1211.07,1242.07,1187.87,1163.82,1139.29,1137.56,1146.25,1152.69,1163.44,1191.9,1202.3,1210.36,1221.44,1186.85,1110.85,1153.54,1164.48,1164.15,1175.62,1178.82,1133.13,1154.26,1147.58,1140.25,1088.94,1077.76,1072.47,1102.92,1106.97,1099.58,1097.72,1122.77,1113.93,1064.5,1058.9,1042.5,1064.48,1045.07,1063.17,1014.47,1027.3,991.92,1005.58,994.61,979.35,956.61,976.93,975.35,M,908.06,856.6,887.51,908.99,882.48,912.41,875.86,858.96,859.54,856.27,835.7,837.18,842.57,867.48,865.95,867.09,874.8,874.8,916.53,952.89,994.46,987.25,1008.65,1038.42,1035.87,1076.37,1062.26,1062.54,1016.71,1010.5,972.81,951.37,931.26,941.58,911.27,924.51,963.06,963.25,992.26,979.31,972.25,975.94,956.8,922.31,926.84,946.65,936.99,953.76,961.03,946.91,941.5,942.52,933.8,917.08,909.99,906.94,917.97,901.4,903.58,887.47,899.9,902.37,930.08,946.38,971.98,988.9,1000.02,971.41,M,916.95,924.97,959.84,922.07,942.62,887.65,826.86,819.55,815.42,828.27,833.88,830.1,833.27,843.74,846.64,853.17,849.69,860.65,858.06,867.87,877.86,899.07,926.9,912.92,902.2,929.29,929.89,928.56,941.59,956.19,942.12,947.85,956.64,931.55,935.19,946.84,948.56,942.08,937.33,952.69,952.94,984.39,1025.42,1047.1,1036.39,1067.26,1063.53,1086.72,1106.29,1080.77,1096.77,1066.77,1072.52,1129.19,1146.01,1100.15,1109.53,1112.38,1109.4,1110.58,1138.7,1135.55,1147.22,1158.06,1144.35,1134.98,1153.58,1148.25,1153.71,1169.35,1168.94,1164.9,1191.96,1195.75,1228.24,1227.42,1233.53,1194.37,1205.63,1215.8,1196.42,1212.37,1212.84,1246.83,1197.4,1178.88,1181.47,1181.47;
