SERIES<FREQ M PER 2000M01 TO 2015M01>!
M112XUMABK67.M=102.5163,102.1478,101.9463,103.3007,101.3378,98.3084,99.0767,100.188,98.7465,101.3391,99.6623,99.4118,98.2362,97.7179,98.4528,99.074,99.3906,99.2172,99.7551,98.4283,99.5949,99.3536,99.4505,100.0899,100.26,100.4838,99.7945,100.5217,99.1553,98.0057,100.1562,100.0907,101.2329,101.4447,100.8857,100.6652,99.8966,98.4726,96.8021,95.9557,94.8862,96.6136,95.9155,95.2462,95.5651,96.7185,97.317,97.8697,100.1608,102.5025,102.1884,102.137,101.7871,103.059,103.1662,102.4289,100.7156,99.8303,99.7587,101.2974,100.0,100.9792,101.0634,102.0108,100.9896,101.7515,98.8169,99.7011,100.6456,99.6486,99.4195,99.507,99.0583,98.9168,98.3583,98.3764,101.2654,100.9566,100.9425,102.9585,103.0143,103.1454,103.4687,104.5347,105.5742,105.0314,103.5672,104.2757,103.9116,104.5064,105.2358,104.5358,103.3043,102.8115,101.8979,99.9431,96.6526,96.1707,94.7938,93.0102,93.0109,93.1301,93.2519,91.6756,90.0276,89.6325,83.8163,78.4573,77.2854,79.1636,77.2405,79.1196,80.6503,84.1938,83.7774,83.6604,81.3429,79.5606,81.1217,80.4836,81.0263,80.3054,77.5264,79.3991,79.256,81.0391,81.4286,82.6434,81.2194,79.5105,80.9634,80.4155,80.715,81.4918,80.2508,79.6607,79.7731,78.8754,78.7589,79.6334,79.2594,79.5319,80.4724,80.9046,81.1127,80.9911,81.4148,82.5667,83.8068,83.0904,84.0006,84.0155,84.2263,83.6196,83.6808,83.58,82.1724,79.7012,79.0951,80.1289,80.4286,80.9967,79.9698,80.9894,82.7393,82.6676,83.5617,84.4204,85.4222,85.7378,85.5269,86.1716,86.8395,87.6795,88.7387,87.7645,87.5039,87.3534,86.9781,87.5084,87.7208;
SERIES<FREQ M PER 2000M01 TO 2015M01>!
M112XUMLBK67.M=103.7842,102.264,103.2469,104.7273,99.1642,98.1615,99.443,98.8701,101.1746,102.0985,98.3309,99.0804,97.5884,97.1795,98.7833,99.0739,100.7601,100.1569,99.5792,98.8072,100.1916,99.9654,98.4147,101.4,100.4766,100.2389,100.2792,100.326,98.0256,98.5617,101.5902,100.5216,101.9596,101.2092,100.2974,100.1861,100.9186,96.2552,96.0843,95.6267,94.9308,96.9498,95.6258,95.2308,96.1041,98.2192,97.6047,98.4185,101.0243,103.1113,102.2435,100.8725,103.0878,102.1039,103.2015,101.4574,100.5669,99.8353,100.8405,99.8254,100.7873,101.5975,101.3605,102.7493,101.0121,100.7498,98.6628,99.9683,99.55,100.3398,99.1511,98.1431,99.4962,99.1308,97.5653,99.3059,101.3729,100.7012,101.6373,103.5295,102.504,103.8754,104.5024,104.4215,105.519,104.4827,103.9542,104.1901,103.8882,105.0903,105.2788,104.7975,102.5814,103.202,101.3367,98.2816,97.1584,95.4575,93.0138,93.6909,93.5844,93.4817,93.465,89.6291,90.676,88.2019,84.2211,74.393,78.8703,79.0809,77.0897,79.1583,82.2761,84.6424,84.2066,82.063,79.3271,81.3024,79.8437,80.8768,81.6647,78.2789,78.2275,79.673,79.0688,81.8473,82.262,81.8212,79.9508,80.1907,81.3666,79.742,80.8111,81.4837,79.0102,79.6164,80.1765,77.7995,79.5241,79.0486,79.8746,80.4432,80.4512,81.0726,81.4614,81.3313,81.8727,83.451,83.077,83.0586,84.1244,84.1691,84.2974,83.9071,83.3808,83.7694,80.8004,79.1487,80.0329,80.8288,80.1305,80.2874,79.2404,81.4912,83.7142,82.7525,84.7005,85.1155,85.8719,86.2778,85.8718,86.7514,86.8322,88.272,88.5143,87.8306,88.3381,87.7548,86.6031,88.2543,88.5426;
SERIES<FREQ M PER 2010M01 TO 2015M01>!
M158CPIJPS924.M=97.6,97.7,97.7,97.0,97.0,97.1,97.0,97.1,97.1,97.3,97.3,97.3,97.4,97.4,97.4,97.3,97.3,97.3,97.4,97.4,97.5,97.4,97.2,97.3,97.4,97.3,97.3,97.3,97.3,97.3,97.3,97.4,97.3,97.2,97.2,97.1,97.2,97.2,97.1,97.3,97.4,97.4,97.4,97.5,97.4,97.6,97.7,97.7,97.7,97.8,97.8,99.0,99.1,99.1,99.2,99.3,99.3,99.4,99.3,99.4,99.5;
SERIES<FREQ M PER 2010M01 TO 2015M01>!
M158CPIKTS924.M=97.7,97.7,97.8,97.4,97.4,97.3,97.2,97.3,97.4,97.6,97.5,97.6,97.7,97.7,97.7,97.7,97.7,97.7,97.8,97.7,97.9,97.7,97.4,97.5,97.5,97.3,97.4,97.4,97.4,97.4,97.3,97.4,97.4,97.3,97.2,97.2,97.2,97.2,97.1,97.2,97.2,97.3,97.2,97.2,97.2,97.3,97.4,97.4,97.4,97.5,97.5,98.7,98.7,98.7,98.9,98.9,98.9,98.9,98.9,99.0,98.9;
SERIES<FREQ M PER 2000M01 TO 2015M01>!
M576MASRI1.M=5.8,5.85,5.85,5.85,5.85,5.85,5.85,5.85,5.85,5.8,5.8,5.8,5.8,5.8,5.8,5.8,5.8,5.8,5.8,5.8,5.48,5.3,5.3,5.3,5.3,5.35,5.35,5.35,5.35,5.35,5.35,5.35,5.35,5.35,5.35,5.35,5.35,5.33,5.3,5.3,5.3,5.3,5.3,5.3,5.3,5.3,5.3,5.3,5.3,5.3,5.3,5.3,5.3,5.3,5.3,5.3,5.3,5.3,5.3,5.3,5.3,5.3,5.3,5.3,5.3,5.3,5.3,5.3,5.3,5.3,5.3,5.3,5.3,5.3,5.3,5.3,5.3,5.3,5.3,5.33,5.33,5.33,5.33,5.33,5.33,5.33,5.33,5.33,5.33,5.33,5.33,5.33,5.33,5.33,5.33,5.33,5.38,5.38,5.38,5.38,5.38,5.38,5.38,5.38,5.38,5.38,5.38,5.38,5.38,5.38,5.38,5.38,5.38,5.38,5.38,5.38,5.38,5.38,5.38,5.38,5.38,5.38,5.38,5.38,5.38,5.38,5.38,5.38,5.38,5.38,5.38,5.38,5.38,5.38,5.38,5.38,5.38,5.38,5.38,5.38,5.38,5.38,5.38,5.38,5.38,5.38,5.38,5.38,5.38,5.38,5.38,5.38,5.38,5.38,5.38,5.38,5.38,5.38,5.38,5.38,5.38,5.38,5.38,5.38,5.38,5.38,5.38,5.38,5.35,5.35,5.35,5.35,5.35,5.35,5.35,5.35,5.35,5.35,5.35,5.35,5.35;
SERIES<FREQ W PER 2000:1:1 TO 2015:1:3>!
W111NYA.W=6792.7,6870.5,6762.8,6469.1,6628.7,6391.4,6203.3,6094.9,6455.0,6337.3,6693.0,6899.4,6848.6,6972.6,6465.7,6761.0,6811.2,6749.5,6797.4,6762.4,6649.7,6975.4,6856.4,6869.5,6766.8,6798.2,6919.0,7018.8,6929.8,6758.3,6955.3,7028.8,7073.3,7111.1,7164.5,7145.0,7078.3,6971.7,7010.8,6937.6,6741.9,6790.1,6777.9,6992.9,6835.3,6806.7,6683.5,6677.2,6929.7,6723.4,6762.4,6945.6,6774.1,6813.3,6836.7,6931.2,6981.0,6907.6,6850.5,6587.4,6628.4,6650.8,6213.8,6110.2,6298.4,6164.8,6362.6,6591.1,6742.2,6767.7,6699.9,6948.5,6842.6,6796.9,6786.2,6576.2,6612.5,6574.3,6443.0,6515.1,6520.7,6487.6,6516.7,6432.4,6335.6,6434.9,6215.7,5986.5,6006.7,5331.4,5750.4,5862.1,5942.2,5861.2,5990.9,5895.9,6033.5,6120.4,6194.3,6125.0,6208.8,6039.2,6193.0,6284.8,6308.0,6161.0,6092.5,6133.8,6087.9,5977.8,6040.2,6008.8,6224.0,6366.4,6419.6,6345.2,6348.8,6246.5,6217.4,6278.5,6072.7,6109.4,5981.9,6193.9,6102.7,6035.3,5832.1,5712.5,5650.1,5636.5,5598.7,5228.1,4818.1,4872.8,4954.6,5185.7,5278.1,5343.4,5239.8,5124.5,5100.2,4853.0,4760.6,4613.4,4754.7,5011.3,5066.4,5079.7,5040.1,5100.1,5198.4,5236.9,5131.9,5035.1,5067.1,4958.0,5148.5,5209.8,5108.5,4880.2,4868.7,4713.7,4729.7,4787.2,4716.1,4645.1,4641.6,4970.9,4809.1,4898.0,4875.6,5006.3,5017.6,5201.1,5242.8,5321.7,5288.5,5435.4,5583.1,5598.6,5631.4,5509.6,5558.5,5588.8,5555.3,5611.0,5505.7,5526.4,5616.4,5594.9,5660.2,5747.7,5749.3,5840.0,5644.1,5831.8,5897.0,5907.1,5851.1,5959.0,5989.2,6010.7,5942.3,6073.0,6122.9,6196.3,6286.1,6342.3,6451.3,6526.2,6567.7,6626.8,6551.6,6632.7,6691.4,6676.7,6692.4,6780.0,6546.0,6501.5,6469.6,6680.3,6655.7,6616.9,6616.9,6439.4,6364.1,6293.3,6308.1,6484.7,6503.9,6557.0,6566.6,6571.2,6542.4,6500.4,6456.0,6324.1,6403.1,6225.8,6234.8,6414.7,6455.5,6510.4,6568.3,6604.0,6531.4,6663.2,6636.4,6559.4,6521.3,6692.7,6910.2,7014.2,6947.2,7046.7,7092.6,7028.5,7098.1,7208.8,7250.1,7057.5,7066.2,6996.6,7032.0,7217.4,7261.6,7287.5,7361.9,7441.2,7330.4,7276.8,7128.8,7136.4,7181.5,6958.4,7015.9,7008.3,7110.1,6937.7,7121.0,7184.9,7169.2,7200.1,7346.3,7209.1,7245.6,7330.6,7403.6,7447.2,7476.7,7453.3,7558.3,7458.5,7379.9,7531.1,7663.8,7646.3,7518.9,7633.0,7435.2,7362.6,7254.5,7369.5,7507.6,7561.4,7634.6,7747.5,7760.9,7762.6,7814.0,7841.9,7754.0,8031.7,8025.9,7902.3,8096.1,8001.4,7980.0,8092.4,8126.0,8119.9,8079.2,8271.6,8252.4,8233.2,8270.7,8228.0,8461.1,8471.4,8632.9,8411.3,8176.1,8241.2,8305.3,7965.3,7933.9,7924.6,8169.1,8155.0,7950.1,7953.1,8255.0,8270.9,8163.3,8379.9,8318.0,8435.8,8294.6,8363.5,8344.7,8469.7,8534.3,8645.5,8702.0,8779.9,8716.8,8828.0,8897.2,8933.4,8949.1,9042.2,9140.4,9062.1,9139.0,9025.0,9139.9,9179.5,9154.1,9325.2,9291.7,9433.4,9420.2,8958.0,9095.0,8983.0,9338.4,9261.8,9426.6,9522.9,9697.3,9705.4,9793.0,9787.0,9893.7,9876.1,10042.6,9826.1,10013.9,9849.0,9873.0,10075.4,10220.7,10072.9,9508.2,9370.6,9435.0,9315.0,9607.0,9597.0,9486.4,9673.7,9981.8,10039.3,10247.9,10301.5,9920.3,10189.1,10052.3,9733.3,9701.4,9583.0,9856.8,10023.6,9698.4,9787.9,9803.9,9432.0,9347.5,8794.9,8827.5,9277.6,8823.1,8970.8,9064.8,8962.5,8676.3,8635.9,8717.6,8762.1,9157.5,8936.1,9310.2,9344.3,9451.2,9328.0,9603.0,9315.8,9401.1,9152.5,9063.2,8829.3,8623.5,8481.5,8347.2,8453.8,8395.6,8379.2,8460.3,8383.7,8373.5,8382.1,8033.8,8091.8,8187.1,7890.4,7088.9,5704.1,5948.8,5427.5,6061.1,5872.0,5452.6,4959.8,5599.3,5401.3,5544.0,5616.1,5538.2,5915.7,5702.4,5387.5,5195.5,5195.8,5475.3,5206.8,4804.5,4617.0,4284.5,4721.0,4832.1,5096.6,5318.8,5376.4,5480.6,5468.4,5568.8,6000.4,5662.9,5789.6,6004.1,6082.6,6148.6,5934.2,5907.0,5775.2,5627.5,6038.1,6337.5,6424.3,6586.7,6537.8,6676.3,6709.0,6637.1,6843.8,7016.9,6823.5,6674.6,7015.5,7134.0,7066.8,6739.5,6958.3,7119.9,7084.5,7070.1,7182.7,7125.1,7086.2,7255.0,7185.0,7425.4,7356.8,7030.6,6883.8,6782.8,6874.6,7083.3,7035.0,7291.3,7362.9,7386.9,7403.6,7539.0,7629.0,7584.6,7701.6,7474.4,6916.2,7077.6,6775.5,6791.6,6600.3,6814.8,6988.2,6763.9,6434.8,6808.7,6709.5,6965.1,6999.0,7153.7,6861.0,6813.1,6794.9,7055.0,7067.5,7154.6,7301.0,7335.9,7478.4,7520.6,7522.9,7513.4,7800.7,7623.2,7641.1,7500.5,7751.6,7823.3,7835.3,7925.4,7964.0,7980.3,8174.1,8105.8,8062.6,8288.5,8374.9,8507.9,8378.0,8413.0,8248.5,8116.4,8321.8,8469.3,8483.9,8400.3,8504.4,8671.4,8425.9,8371.7,8357.5,8386.3,8222.2,8016.4,8000.1,7974.7,8425.5,8410.2,8227.0,8408.2,8079.4,7419.1,7303.9,6970.1,7245.8,7250.7,7045.0,7348.2,6770.7,6791.6,6925.8,7350.5,7431.1,7803.9,7552.2,7576.2,7282.5,6898.2,7453.5,7502.9,7237.7,7518.7,7477.0,7557.7,7632.0,7829.3,7876.6,8060.4,7992.0,8114.5,8152.0,8125.2,8102.1,8270.4,8180.1,8206.9,8081.4,7931.1,8025.5,8151.9,7933.3,7815.9,7427.7,7534.3,7292.2,7553.8,7664.3,7616.6,7801.8,7756.6,7758.7,7759.6,7912.2,7939.5,8044.8,8102.1,8047.9,8014.9,8234.5,8458.9,8377.5,8251.0,8384.1,8227.1,8324.2,8190.2,8234.9,8053.6,7931.5,8225.5,8260.4,8314.3,8333.7,8443.2,8316.2,8667.7,8712.4,8792.6,8904.5,8965.1,8935.2,8933.2,8894.6,8874.2,9054.5,9116.7,9065.8,9107.0,9000.3,9188.3,8994.1,9169.9,9340.5,9442.8,9576.4,9442.2,9302.3,9355.4,9263.7,9018.5,9112.7,9214.2,9498.5,9618.5,9620.1,9690.1,9622.1,9465.6,9474.8,9270.7,9439.7,9635.1,9769.7,9684.2,9675.7,9761.8,9984.6,10053.9,10018.2,10032.1,10189.8,10205.7,10183.2,10131.2,9954.9,10196.1,10353.2,10296.8,10371.1,10343.5,10034.4,9967.7,10055.4,10282.5,10306.9,10425.9,10511.9,10285.1,10392.2,10434.9,10517.0,10280.9,10532.8,10505.0,10630.0,10606.7,10603.2,10681.9,10756.3,10904.2,10856.2,11018.1,10974.4,11104.7,10936.3,10985.9,10985.8,10692.2,10691.1,10796.0,10947.3,11046.3,11073.4,10911.4,10989.6,10798.9,10635.5,10293.1,10250.5,10582.6,10845.0,10864.6,10880.6,11025.7,10955.4,10970.3,10500.5,10890.2,10985.4,10830.9,10711.4;
SERIES<FREQ W PER 2000:1:1 TO 2015:1:3>!
W158TOPIX.W=1599.01,1648.24,1627.14,1702.61,1741.22,1729.47,1719.77,1724.5,1686.49,1633.3,1674.22,1640.6,1705.94,1677.62,1653.7,1634.12,1648.87,1702.58,1630.49,1578.37,1518.78,1556.45,1586.81,1508.44,1557.6,1591.6,1597.36,1579.86,1523.43,1452.93,1450.88,1490.89,1487.68,1531.28,1507.48,1509.88,1483.59,1466.93,1470.78,1503.02,1440.4,1434.26,1400.27,1424.51,1417.02,1379.63,1341.82,1381.46,1365.48,1351.34,1260.88,1283.67,1297.02,1237.88,1312.79,1294.44,1287.69,1266.0,1248.29,1257.62,1199.84,1237.76,1197.47,1281.6,1277.27,1313.76,1299.2,1330.06,1366.46,1424.24,1376.76,1371.57,1359.98,1310.09,1318.09,1265.32,1305.06,1300.98,1253.56,1244.02,1195.25,1184.23,1219.92,1182.49,1169.81,1145.34,1103.67,1080.83,1033.81,998.2,1023.42,1070.45,1087.48,1070.65,1101.22,1053.68,1030.78,1053.03,1062.47,1050.22,1045.69,1006.76,1007.52,1032.14,1053.96,999.94,1007.64,985.84,956.26,949.97,982.5,989.19,1030.17,1108.13,1097.24,1076.63,1060.19,1087.71,1056.29,1092.3,1087.23,1086.5,1085.96,1108.54,1139.43,1120.08,1101.87,1054.26,1002.35,1024.89,1042.95,1019.51,989.71,943.07,955.81,980.79,961.12,963.28,941.64,894.33,908.41,926.78,936.22,891.6,848.43,893.95,871.89,866.89,862.49,839.34,859.05,892.71,860.65,835.77,822.46,849.25,843.29,837.7,859.25,861.36,821.18,839.11,858.05,840.11,818.73,796.17,786.06,807.48,817.92,795.55,782.25,790.72,782.03,804.62,823.52,819.17,826.18,837.7,869.61,881.3,898.73,903.06,948.67,945.78,933.1,945.28,942.41,917.47,964.78,1004.2,1002.01,1026.21,1042.64,1070.03,1021.06,1066.86,1073.88,1094.59,1024.99,1043.36,1045.15,1006.77,974.45,999.75,1019.42,998.7,1008.61,1018.47,1043.69,1065.78,1058.97,1076.93,1047.51,1028.83,1041.03,1058.76,1082.47,1131.01,1107.37,1138.09,1176.32,1184.2,1190.86,1196.18,1209.62,1186.31,1150.89,1091.51,1125.21,1142.38,1124.97,1160.3,1149.88,1172.44,1173.55,1146.92,1151.16,1135.29,1139.3,1107.12,1096.81,1109.84,1137.78,1124.65,1126.36,1118.55,1102.37,1117.29,1140.06,1105.39,1090.84,1085.43,1112.13,1104.02,1109.77,1091.21,1110.53,1083.79,1111.35,1134.59,1149.63,1145.76,1145.69,1132.18,1140.7,1145.51,1160.7,1166.57,1167.33,1192.11,1200.0,1203.26,1193.77,1186.5,1201.3,1150.67,1130.89,1129.93,1150.76,1134.82,1129.81,1132.34,1147.72,1148.97,1172.33,1173.46,1181.8,1177.61,1193.3,1186.76,1204.98,1189.19,1245.13,1250.5,1272.46,1282.79,1293.35,1328.84,1356.22,1412.28,1372.52,1397.93,1385.37,1419.84,1494.99,1494.56,1531.65,1529.67,1583.72,1591.23,1580.78,1637.89,1649.76,1684.9,1681.69,1624.39,1690.32,1707.96,1660.22,1605.33,1647.74,1612.96,1647.27,1663.98,1689.34,1728.16,1783.72,1744.07,1756.4,1716.43,1737.18,1688.18,1638.57,1613.78,1606.11,1498.68,1534.71,1545.57,1586.96,1573.15,1521.71,1515.53,1559.41,1571.7,1577.92,1641.45,1619.81,1633.35,1619.92,1593.43,1563.6,1610.73,1634.21,1628.0,1644.15,1650.73,1619.02,1581.37,1573.54,1538.04,1604.9,1616.34,1657.4,1672.1,1681.07,1675.33,1685.27,1714.21,1728.02,1742.4,1745.09,1774.53,1814.96,1721.59,1730.31,1677.06,1741.94,1713.61,1717.08,1705.5,1710.07,1701.0,1704.22,1723.09,1695.69,1715.54,1767.88,1756.16,1772.94,1777.99,1774.88,1779.67,1783.2,1776.17,1699.71,1672.54,1633.93,1480.39,1585.85,1608.25,1557.02,1544.71,1552.07,1616.62,1656.91,1659.48,1591.28,1573.97,1600.17,1494.35,1471.67,1437.38,1531.88,1561.76,1501.25,1469.2,1475.68,1411.91,1377.58,1341.5,1344.77,1336.86,1287.14,1334.89,1321.37,1324.28,1247.77,1193.23,1220.04,1243.81,1288.94,1278.62,1304.06,1339.91,1377.39,1341.76,1395.87,1376.69,1408.14,1428.11,1371.57,1356.74,1320.68,1297.88,1285.91,1252.43,1298.28,1272.93,1259.93,1247.31,1216.42,1254.71,1170.84,1177.2,1149.12,1147.89,1047.97,840.86,894.29,806.11,867.12,879.0,846.91,802.69,834.82,786.02,813.37,834.43,846.58,859.24,855.02,817.89,773.55,794.03,790.84,764.59,739.53,756.71,721.39,724.3,764.77,824.53,831.36,845.97,845.57,830.05,846.85,895.35,881.65,875.88,897.91,916.56,950.54,918.97,926.8,920.62,872.5,878.29,920.48,950.26,956.76,973.57,947.34,969.31,935.74,950.41,939.44,922.67,874.67,897.83,900.95,902.03,894.67,874.01,866.8,838.71,811.01,889.58,888.57,893.59,909.39,907.59,941.29,966.4,940.94,901.12,891.78,892.16,889.08,894.1,910.81,936.38,948.93,966.72,989.39,989.42,988.84,978.2,987.04,931.74,936.45,879.69,878.52,890.16,866.44,884.64,867.3,830.98,861.21,840.58,841.29,849.5,861.17,831.24,829.59,819.62,823.7,833.72,852.09,838.41,829.97,839.44,826.38,824.88,810.91,834.98,846.98,869.52,866.81,879.22,888.22,903.14,901.66,898.8,926.42,930.31,910.85,919.69,935.36,946.63,973.6,941.93,955.59,915.51,830.39,857.38,862.62,853.13,841.29,842.18,851.85,856.5,839.94,827.77,824.9,816.57,817.38,805.34,833.2,853.86,874.34,859.36,868.81,841.37,800.96,768.19,751.69,756.07,769.78,755.7,768.13,744.54,761.17,741.55,748.81,744.21,771.43,752.02,729.13,719.98,706.6,744.14,738.12,723.56,723.12,728.61,729.6,734.6,755.47,761.13,760.69,779.07,810.45,834.29,837.82,848.71,866.73,852.53,854.35,825.71,815.48,811.94,804.27,792.87,758.38,725.54,722.11,708.93,717.74,726.57,750.92,770.08,771.83,746.34,733.82,726.44,723.94,746.79,765.81,757.23,731.64,735.17,756.88,756.38,737.42,737.13,718.32,754.39,741.23,752.09,730.74,751.34,776.43,781.46,790.24,801.04,832.72,859.8,888.51,898.69,911.44,917.09,942.65,957.35,942.41,963.48,984.33,1020.5,1051.65,1038.57,1034.71,1066.24,1148.57,1126.67,1161.19,1153.28,1210.6,1253.24,1194.08,1135.78,1056.95,1056.45,1099.4,1133.84,1188.58,1201.99,1211.98,1167.06,1196.17,1140.91,1142.65,1141.63,1106.05,1147.82,1185.28,1218.98,1217.52,1163.82,1197.17,1205.52,1178.28,1183.03,1176.42,1239.04,1248.57,1258.66,1235.83,1238.88,1261.64,1290.07,1302.29,1298.48,1297.39,1264.6,1220.64,1189.14,1183.82,1222.31,1211.66,1236.97,1164.7,1145.97,1186.52,1215.89,1134.09,1173.37,1169.99,1182.48,1165.51,1159.07,1180.44,1201.41,1234.57,1243.97,1268.92,1253.15,1285.24,1255.19,1263.29,1281.35,1281.3,1228.26,1270.68,1286.07,1277.97,1293.21,1313.72,1331.91,1331.95,1282.54,1243.09,1177.22,1242.32,1333.64,1363.67,1400.41,1400.18,1410.34,1445.67,1399.65,1409.61,1427.5,1407.51,1380.58;
SERIES<FREQ W PER 2000:1:1 TO 2015:1:3>!
W532HSCCI.W=1932.61,1958.35,1909.68,2092.92,2166.35,2256.53,2172.29,2082.87,2301.56,2526.23,2362.17,2494.58,2334.8,2267.14,2112.89,1893.28,1890.26,1892.01,1825.5,1913.59,1647.33,1819.34,1884.79,1904.73,1919.16,1842.08,1859.73,2020.03,2198.46,2091.86,2240.87,2183.61,2212.64,2117.68,2097.86,2065.66,1928.58,1606.31,1838.29,1799.03,1590.14,1586.08,1602.18,1748.84,1712.79,1704.07,1695.91,1645.33,1713.78,1653.71,1586.02,1641.24,1693.47,1757.55,1805.6,1850.3,1827.32,1842.19,1851.55,1909.68,1734.19,1744.02,1655.21,1567.17,1615.27,1543.83,1649.14,1743.07,1818.17,1888.19,1866.85,1901.43,2004.12,1949.83,2079.25,1905.12,1939.66,1836.11,1805.15,1745.0,1638.49,1678.12,1587.23,1514.57,1574.5,1473.86,1442.72,1371.73,1172.1,1119.69,1219.75,1246.44,1245.66,1117.5,1222.4,1210.2,1247.98,1369.23,1350.51,1349.36,1397.45,1362.58,1311.06,1348.41,1371.38,1238.75,1233.57,1146.91,1165.01,1151.12,1228.25,1190.06,1169.17,1272.13,1271.04,1212.48,1252.44,1230.47,1204.97,1270.5,1294.4,1355.07,1326.24,1382.6,1331.08,1282.82,1270.71,1244.63,1187.19,1192.15,1215.3,1205.57,1152.08,1047.59,1102.8,1108.57,1159.81,1147.27,1125.12,1068.55,1053.24,991.62,992.58,1002.77,961.05,1065.71,1068.2,998.4,1045.46,1075.26,1085.16,1084.95,1109.31,1076.46,1058.37,1036.79,1048.11,1085.83,1065.01,1051.19,1028.18,1012.06,1006.43,1011.66,972.97,914.54,936.51,981.77,933.36,917.04,903.22,893.02,847.97,898.78,938.93,938.9,982.27,1003.66,1045.43,1077.04,1100.78,1065.07,1073.67,1132.8,1167.15,1119.91,1169.48,1096.16,1125.98,1181.76,1193.5,1250.81,1200.05,1195.95,1205.78,1247.3,1355.47,1355.51,1296.12,1346.1,1355.66,1346.17,1305.39,1387.19,1387.24,1455.34,1437.89,1428.07,1473.56,1603.65,1542.52,1637.42,1550.4,1534.24,1600.39,1631.58,1631.41,1609.66,1514.82,1443.68,1388.39,1411.49,1447.34,1380.54,1336.5,1239.76,1267.36,1179.04,1256.39,1334.48,1300.46,1375.66,1283.27,1355.74,1361.26,1344.68,1312.05,1357.39,1347.73,1345.23,1309.36,1297.53,1346.8,1377.62,1381.45,1410.37,1426.57,1429.67,1455.07,1415.78,1399.05,1380.97,1426.47,1460.37,1470.96,1500.14,1563.91,1500.03,1535.36,1559.18,1556.88,1445.14,1446.31,1459.05,1483.11,1476.89,1517.69,1556.02,1574.6,1539.19,1575.5,1584.89,1550.16,1523.27,1566.65,1537.61,1537.92,1562.22,1584.96,1559.24,1550.54,1554.01,1587.08,1597.63,1594.28,1637.57,1648.4,1604.71,1674.72,1731.52,1777.1,1812.27,1954.18,1871.65,1890.43,1919.03,1893.04,1891.52,1951.57,2017.78,1884.03,1811.64,1832.28,1785.7,1868.53,1893.29,1934.99,1973.17,2032.42,1958.95,1981.58,2009.84,1934.89,2014.03,2083.51,2085.73,2099.25,2058.47,2066.61,2057.28,2126.44,2112.75,2010.84,2113.1,2137.5,2184.6,2351.36,2350.39,2448.14,2369.08,2413.28,2385.19,2253.13,2156.69,2189.57,2129.67,2173.12,2164.96,2303.55,2345.62,2279.88,2367.99,2487.17,2446.32,2568.43,2567.79,2491.97,2578.55,2549.91,2544.07,2658.72,2649.52,2709.5,2746.2,2798.31,2897.26,3025.58,3048.13,3139.45,3148.31,3024.45,3037.26,3088.65,3160.52,3330.06,3375.19,3203.21,3337.98,3380.53,3440.86,3522.88,3509.64,3612.14,3310.39,3165.05,3246.52,3367.17,3435.67,3491.65,3488.15,3549.95,3481.61,3531.21,3468.7,3626.34,3574.52,3613.69,3640.13,3807.09,4161.13,4131.58,4279.87,4463.83,4552.75,4353.11,4346.34,4147.66,3802.54,4510.59,4856.88,4747.64,4998.92,5232.65,5800.76,5886.89,6054.46,6494.9,6751.16,6768.8,6153.31,5869.61,5699.3,6282.88,6286.82,5954.76,6013.34,5993.7,6055.82,6017.03,5457.79,5444.21,5308.33,5259.54,5487.57,5317.65,5484.34,5023.53,4849.6,4539.44,5174.68,5409.32,5590.34,5603.15,5780.47,5856.41,5668.95,5824.16,5596.04,5286.26,5195.83,4785.4,4821.18,4711.68,4692.93,4813.34,4683.33,4741.12,4736.32,4419.81,4214.47,4110.75,4175.3,3822.1,3537.2,3755.09,3549.09,3450.73,2854.83,2857.47,2536.63,2962.71,2894.64,2891.79,2758.26,2996.98,3078.57,3260.07,3448.3,3183.17,3441.74,3227.34,2983.27,2873.42,2996.63,3173.83,3143.22,2926.14,2900.33,2805.2,2983.71,2932.42,3209.93,3195.37,3190.06,3418.04,3287.93,3263.55,3650.13,3547.47,3614.42,3787.49,4021.13,4060.82,3755.03,3896.96,3780.55,3679.69,3872.14,3979.9,4150.06,4317.7,4314.19,4021.37,3929.86,3966.15,4112.68,4029.99,3980.18,3827.46,4037.41,4130.51,4200.7,4018.08,4052.79,4096.24,4133.47,3929.61,4122.77,4006.23,3932.14,3924.64,4059.89,4192.03,4234.33,4019.64,3875.55,3876.87,4004.51,3917.12,4059.78,4031.24,4148.38,4142.64,4074.06,4163.67,4237.89,4082.94,3988.31,3997.22,3710.24,3771.46,3584.12,3711.88,3683.16,3695.79,3830.2,3888.84,3774.3,3880.31,3827.56,4012.01,4020.02,4103.12,4001.4,4013.55,3952.69,4085.41,4121.74,4251.05,4232.75,4207.65,4280.97,4393.61,4272.45,4205.07,4411.53,4337.35,4221.43,4116.45,4240.59,4194.25,4085.48,4146.35,4170.15,4275.38,4270.93,4215.45,4168.97,4210.34,3979.47,4101.57,3961.44,4105.61,4041.69,3957.06,4163.18,4332.83,4437.67,4409.53,4447.98,4309.11,4199.08,4228.42,4278.51,4260.7,4194.48,4093.57,3957.19,4082.84,4192.08,4362.4,4182.65,4262.44,4255.93,3981.76,3785.87,3778.7,3785.31,3994.05,3886.71,3725.21,3327.78,3391.13,3417.72,3570.92,3460.21,3882.85,3878.1,3760.45,3646.9,3505.32,3825.24,3696.29,3683.77,3755.63,3682.18,3706.11,3822.7,3880.45,3957.91,3997.72,4113.86,4225.42,4206.73,4167.62,4142.32,4105.91,3953.52,3986.72,4044.87,4055.6,4072.98,4065.92,4164.19,3908.58,3683.04,3687.25,3704.71,3693.88,3851.01,3699.99,3796.96,3862.93,3757.75,3810.76,3789.44,3831.33,3943.8,3899.49,3906.39,3815.99,3900.72,4086.1,4030.75,4081.79,4106.09,4076.82,4170.7,4139.18,4304.25,4183.57,4158.15,4325.83,4388.65,4448.31,4507.6,4485.33,4531.78,4743.77,4665.43,4711.0,4635.92,4690.96,4614.96,4681.24,4532.27,4588.31,4558.88,4338.49,4402.25,4362.55,4237.56,4319.08,4347.62,4417.31,4437.48,4501.41,4407.29,4326.16,4365.44,4199.11,4049.9,3862.71,4028.72,3954.11,4102.67,3999.01,4139.06,4160.26,4212.93,4340.74,4263.47,4247.26,4324.43,4418.32,4488.14,4423.23,4499.57,4552.6,4532.93,4422.62,4536.5,4451.21,4514.06,4608.84,4683.69,4646.24,4569.66,4471.35,4537.62,4448.23,4425.12,4443.29,4343.96,4218.65,4156.76,4292.37,4226.82,4261.39,4215.97,3977.22,3973.97,4133.04,4197.88,4357.87,4249.31,4128.84,4163.57,4067.2,4206.51,4317.09,4265.08,4248.58,4353.64,4326.78,4340.05,4441.75,4442.65,4539.6,4663.4,4668.31,4679.4,4809.83,4894.08,4813.11,4919.8,4812.58,4677.16,4561.08,4442.57,4435.81,4380.02,4402.81,4530.58,4405.36,4438.41,4353.34,4534.79,4472.11,4345.16,4237.19,4273.59,4448.19,4513.35;
SERIES<FREQ W PER 2000:1:1 TO 2015:1:3>!
W532HSCEI.W=2004.52,1897.91,1837.07,1829.3,1788.7,1594.08,1689.39,1494.38,1434.8,1514.87,1515.52,1471.19,1514.74,1503.67,1596.99,1599.2,1573.45,1575.53,1745.93,1874.98,1628.42,1831.91,1884.15,2011.85,1947.72,1903.95,1847.84,2102.57,2345.87,2172.17,2370.23,2331.32,2336.36,2249.6,2257.46,2182.29,2041.12,1788.27,1932.65,1938.38,1791.0,1718.35,1725.09,1850.67,1821.36,1825.35,1778.67,1658.69,1695.73,1645.75,1562.51,1624.13,1624.43,1600.63,1619.26,1636.07,1607.76,1674.5,1700.12,1856.66,1706.37,1706.85,1695.82,1688.96,1815.19,1770.12,1827.22,1925.53,2062.66,2051.63,2099.66,2200.01,2353.21,2385.99,2487.65,2272.4,2387.51,2310.48,2242.82,2153.28,1986.97,2063.57,1895.52,1879.98,1906.25,1864.56,1821.49,1785.92,1654.57,1629.55,1718.96,1749.88,1691.18,1684.46,1775.92,1846.12,1844.39,1776.43,1852.93,1789.82,1777.89,1717.58,1714.35,1747.97,1816.89,1807.77,1837.32,1882.39,1891.63,1929.94,1992.25,2011.25,1966.66,2049.01,2091.26,2053.9,2034.69,2094.54,2088.53,2124.89,2077.67,2078.09,2069.0,2123.87,2119.25,2130.6,2220.53,2219.98,2129.92,2167.39,2220.41,2218.8,2066.24,1933.53,1959.94,1946.6,1928.27,1986.05,1923.63,1915.49,1924.71,1914.07,1905.87,1833.96,1768.58,1871.03,1868.42,1831.42,1891.15,1887.1,1872.55,1907.97,1973.81,2010.83,2048.68,2057.98,2039.6,2149.4,2127.34,2135.3,2161.61,2242.29,2180.73,2184.72,2197.43,2069.69,2136.96,2147.53,2232.03,2196.2,2194.36,2192.47,2088.17,2199.6,2153.79,2221.08,2397.63,2460.23,2521.71,2692.81,2717.08,2749.69,2683.76,2895.19,2983.66,2863.32,3109.54,2989.97,3169.98,3314.98,3340.18,3357.02,3188.39,2974.06,3178.02,3307.42,3615.66,3733.23,3575.52,3862.44,3793.51,3785.06,3545.09,3832.27,4077.27,4462.72,4523.75,4664.06,5363.06,5077.92,4569.14,4963.03,4597.72,4765.67,4943.99,5007.41,5102.14,5033.14,4866.05,4854.02,4658.22,4858.7,5037.26,4693.76,4503.94,4061.18,4222.76,3747.03,3990.95,4290.26,4087.86,4381.23,3919.37,4223.56,4314.16,4315.3,4292.55,4348.88,4335.34,4276.18,4011.11,4131.62,4235.37,4314.26,4287.47,4570.09,4538.68,4649.66,4770.79,4585.09,4492.91,4504.78,4642.24,4831.09,4843.72,4934.39,4896.66,4693.64,4778.86,4774.68,4741.32,4513.03,4540.6,4566.74,4711.88,4750.72,4872.19,4923.54,5024.92,4951.57,5004.24,4957.59,4800.4,4866.57,4891.78,4721.01,4708.8,4657.7,4737.84,4654.54,4625.36,4574.64,4550.63,4732.84,4707.7,4842.97,4861.87,4809.99,4865.83,5139.1,5263.41,5312.58,5481.99,5200.75,5199.68,5157.39,5137.44,5062.21,5012.22,5227.28,5055.08,4941.78,4877.51,4712.5,4947.75,4935.34,5046.52,5072.3,5105.6,5174.81,5219.35,5308.42,5330.34,5677.93,5884.21,6097.34,6277.05,6202.28,6318.52,6379.95,6599.4,6545.59,6174.4,6409.29,6600.25,6703.78,6898.94,6776.86,7194.76,6835.15,7153.17,7377.94,7042.31,6628.45,6603.51,6255.81,6340.96,6267.92,6784.6,6837.77,6647.53,6736.12,6859.24,6820.65,7002.45,6989.99,6868.53,6892.97,6953.0,6904.75,7106.13,7097.25,7129.15,7330.06,7512.31,7406.02,7620.47,7914.5,8321.33,8591.09,8566.85,8630.4,8988.91,9593.07,10340.36,10235.46,9674.71,9857.97,9660.66,9598.21,9915.36,9957.76,9956.3,8985.91,9231.21,9112.96,9487.51,9616.21,9859.5,10156.27,10179.87,10141.41,10383.63,10392.01,10859.17,10649.84,10874.45,10828.64,11443.91,12239.71,12001.12,12681.44,13200.57,13152.25,12926.43,12779.67,12276.06,11002.52,13178.09,14338.84,14489.4,14707.9,15693.66,17017.94,17540.02,19081.3,19722.38,19548.49,19540.13,17704.08,16737.73,15691.71,17178.49,17619.03,15957.46,15981.81,15991.48,15903.4,15833.75,14561.32,14015.75,13284.74,13067.11,13843.52,13336.89,13931.88,12606.83,11891.42,10836.2,12432.53,13137.57,13357.12,12675.43,14221.62,14631.15,13662.58,14185.98,13636.41,13770.51,13513.21,12213.12,12343.54,11814.42,11225.18,12306.99,12123.88,12421.67,12545.22,11742.39,11170.2,10916.5,11664.43,10695.86,9975.0,9974.67,9589.01,9013.27,7135.8,7007.53,5802.71,6611.15,6794.59,7021.64,6424.97,7207.48,7428.54,7911.76,8435.31,7685.17,8314.11,7723.81,7147.34,6661.93,7131.98,7698.67,7568.73,7066.32,6902.84,6785.47,7282.52,7495.96,8481.22,8574.73,8831.82,9052.18,8979.18,9084.91,10051.9,9607.29,9790.79,10428.19,10862.05,11088.77,10509.85,11037.14,10983.77,10574.42,11146.43,11984.36,12123.59,11612.18,11899.8,11464.73,11433.98,11760.55,12268.21,12614.57,12056.48,11526.32,12496.06,12751.46,13316.02,12769.36,13017.2,13461.79,13329.66,12472.13,13461.55,12967.49,12334.82,12673.74,12794.13,13035.09,12356.88,11975.65,11498.2,11131.78,11536.36,11263.83,11543.73,11927.37,12173.28,12262.36,12050.33,12696.05,13046.72,12557.4,12168.18,12181.2,11379.56,11588.97,11048.38,11508.49,11375.51,11340.38,11622.69,11865.17,11247.1,11620.68,11419.62,11915.58,11905.0,12161.75,11641.33,11779.67,11395.05,11767.41,11835.93,12171.19,12218.6,12406.1,12758.23,13613.22,13494.8,13168.68,14107.29,13663.14,13170.65,12757.1,12937.1,12661.01,12468.88,12442.94,12692.43,12925.71,13152.14,12735.57,12565.56,12710.89,12081.82,12742.53,12270.43,12849.77,12752.01,12427.92,12975.54,13451.48,13652.92,13533.58,13659.35,13208.71,12848.82,12894.13,12947.94,12960.82,12750.66,12380.81,12045.05,12436.74,12576.68,12756.32,12266.32,12598.77,12373.64,11434.59,10452.64,10277.38,10299.58,10664.45,10468.89,10249.2,9033.09,8917.36,8887.53,9584.83,9219.73,10625.16,10705.48,10430.07,9957.4,9395.91,10350.51,10066.63,9867.41,10132.66,9936.48,9987.33,10637.03,11146.99,11446.52,11605.57,11405.22,11711.51,11689.84,11738.71,11256.28,11216.39,10658.07,10640.16,10744.91,10936.9,11050.16,10905.1,10882.18,10143.07,9577.18,9539.29,9620.87,9352.79,9744.55,9504.19,9574.84,9679.62,9237.04,9570.51,9398.85,9660.99,9905.22,9831.12,9674.82,9280.25,9428.21,9829.43,9804.77,9831.62,9965.18,10345.28,10683.61,10449.53,10833.73,10454.85,10242.7,10606.99,10622.67,10919.24,11307.42,11229.09,11378.24,11937.45,11842.59,12105.71,12001.81,12215.03,11649.78,11845.2,11317.13,11344.24,11484.35,11020.89,10896.48,10896.22,10429.31,10655.68,10587.32,10834.08,10845.99,11347.41,11019.48,10722.3,10599.21,10187.27,9667.42,9237.47,9311.44,9209.34,9433.66,9448.51,9755.66,9734.81,9599.46,10220.2,9932.35,9825.21,10334.07,10538.94,10769.54,10494.36,10517.28,10580.75,10644.04,10177.82,10678.69,10390.73,10702.7,11448.74,11441.27,11376.17,11025.82,10628.5,10830.1,10436.76,10164.68,10167.28,10014.02,9818.36,9645.39,9933.73,9936.25,9891.42,9709.49,9298.64,9427.33,10001.82,10110.01,10228.42,10080.23,9798.7,9802.46,9684.58,9955.35,10121.06,10249.69,10340.99,10516.98,10395.45,10307.51,10489.56,10379.61,10441.23,10993.24,10982.65,10832.66,11103.92,11058.69,10963.59,11368.34,11014.69,10783.33,10584.29,10348.53,10301.46,10234.02,10391.64,10755.8,10539.33,10761.51,10447.18,11145.39,11600.48,11236.39,11400.19,11558.02,12245.35,12081.24;
SERIES<FREQ W PER 2000:1:1 TO 2015:1:3>!
W924SSEA.W=1611.806,1497.269,1557.316,1631.524,M,M,1774.518,1736.246,1850.534,1815.35,1765.286,1841.607,1915.601,1936.51,1951.094,1959.173,1953.865,M,1830.485,1891.375,1998.722,2034.751,2020.076,2046.609,2060.306,2047.697,2053.126,2110.586,2120.077,2136.809,2150.188,2187.133,2213.797,2211.953,2121.72,2076.35,2097.358,2007.825,2026.364,M,2035.912,2066.249,2085.502,2099.268,2169.129,2217.785,2176.198,2206.013,2196.061,2159.466,2189.361,2192.378,2247.902,2226.241,2185.196,M,M,2070.823,2054.433,2047.562,2091.703,2114.914,2122.839,2156.611,2214.694,2209.032,2245.135,2248.511,2211.519,2214.486,2248.543,2296.705,2280.92,2307.596,2313.632,2305.997,2299.882,2309.993,2261.859,2251.33,2273.979,2156.717,2048.773,2042.676,2012.691,1970.674,1916.43,1888.448,1901.144,1890.405,1844.29,1844.29,1764.986,1640.406,1750.376,1764.746,1701.063,1718.068,1786.808,1822.843,1818.406,1745.212,1706.85,1705.931,1676.297,1599.039,1472.354,1513.612,1548.605,1571.115,M,M,1566.842,1710.682,1691.066,1742.483,1672.643,1705.256,1731.491,1708.652,1713.261,1742.024,1711.103,1635.632,1616.891,1581.82,1596.111,1559.335,1631.024,1809.961,1797.084,1772.249,1788.423,1729.811,1733.898,1718.811,1718.377,1756.866,1739.344,1702.597,1696.664,1674.874,1650.483,M,1590.571,1585.962,1587.947,1578.493,1590.478,1529.638,1458.545,1499.36,1469.209,1459.778,1492.024,1445.376,1379.093,1446.876,1544.551,1545.431,1567.293,M,1579.386,1545.758,1580.53,1561.022,1532.707,1541.882,1560.153,1590.534,1649.808,1676.884,1555.843,1592.196,M,1627.762,1634.753,1650.301,1611.54,1640.788,1601.499,1567.451,1573.223,1601.23,1578.095,1546.975,1546.488,1540.794,1519.28,1508.377,1490.401,1500.569,1477.19,1458.263,1436.375,1432.356,1470.08,1435.151,1446.625,1410.775,1395.772,1391.703,1424.02,1461.94,1519.082,1540.381,1515.263,1587.676,1590.284,1657.148,1677.285,M,1666.689,1766.08,1738.084,1804.594,1755.426,1742.248,1776.87,1832.808,1818.434,1854.899,1811.334,1776.079,1714.891,1673.414,M,1639.081,1634.283,1623.997,1617.711,1544.818,1499.593,1470.908,1512.908,1501.913,1528.376,1477.011,1454.304,1458.708,1435.798,1408.062,1385.768,1392.34,1350.257,1484.282,1506.142,1465.185,1492.485,1395.869,1394.61,1385.668,1370.059,1419.457,1448.913,1424.38,1403.924,1383.281,1354.81,1349.02,1330.185,1306.478,1307.563,1295.838,1273.983,1332.441,M,1321.872,1377.6,1351.449,1353.692,1287.863,1265.031,1283.711,1309.536,1276.471,1226.327,1216.204,M,1162.543,1153.776,1104.027,1063.958,1163.429,1140.179,1157.193,1108.456,1069.126,1078.839,1100.423,1138.692,1186.066,1227.118,1208.556,1231.759,1249.304,1250.157,1274.608,1210.287,1214.008,M,1197.302,1199.542,1136.268,1156.448,1145.869,1174.078,1172.004,1150.468,1170.806,1185.698,1204.057,1220.929,1271.298,1283.089,1316.22,1318.909,M,1345.263,1329.379,1359.856,1356.397,1306.762,1331.635,1357.702,1361.326,1407.875,1425.669,1485.93,1511.71,M,1682.736,1742.933,1695.408,1753.997,1630.776,1654.766,1688.014,1758.062,1819.213,1750.851,1750.694,1747.127,1650.227,1687.99,1679.864,1706.204,1720.546,1753.747,1810.301,1812.689,1840.312,M,1874.967,1880.671,1898.636,1960.836,1979.099,2072.746,2155.259,2208.928,2200.541,2390.42,2464.205,2815.132,2778.458,2803.058,2974.877,3028.361,2808.338,2866.649,3148.79,M,2973.959,3087.015,3079.089,3230.271,3346.349,3492.955,3698.454,3766.837,3950.844,4035.086,4218.728,4218.915,4381.566,4197.083,4103.754,4334.585,4293.712,4009.968,3968.129,4106.209,4258.093,4557.43,4784.387,4984.512,4888.426,5363.203,5480.114,5540.722,5575.636,5725.37,5827.661,M,6196.974,6106.694,5868.067,6065.526,5579.123,5581.432,5281.778,5112.127,5342.921,5254.714,5353.76,5521.49,5626.421,5756.641,5436.876,4997.674,4534.574,4827.1,4719.392,4585.489,4562.782,4512.222,4157.523,3984.321,3756.124,3616.378,3664.837,3247.439,3732.852,3875.219,3791.515,3802.851,3644.39,3602.66,3493.188,3008.914,2970.931,2882.95,2800.105,2996.284,2914.32,3005.584,2939.036,2734.363,2572.096,2524.858,2516.781,2311.631,2183.023,2179.111,2408.878,M,2101.296,2028.03,1932.366,1816.312,1836.038,2086.684,2068.749,1965.189,2119.844,2052.245,2119.632,1944.214,1911.793,1999.875,2051.988,2089.898,M,2290.018,2436.351,2373.827,2186.634,2302.107,2234.643,2394.398,2492.271,2539.902,2565.504,2628.3,2570.135,2600.606,2756.283,2776.758,2726.378,2763.54,2890.621,2879.968,3023.842,3074.045,3242.101,3268.937,3348.363,3540.741,3581.859,3422.825,3198.105,3107.555,3002.031,3003.189,3137.813,3109.173,2978.984,2916.727,3055.702,3123.904,3261.628,3143.88,3320.338,3343.229,3469.684,3247.76,3479.311,3405.867,3266.188,3294.708,3437.461,3351.867,3381.142,3164.654,3134.749,3082.351,3164.654,M,3200.047,3178.148,3159.832,3216.678,3208.216,3311.152,3297.685,3282.011,3127.489,3009.366,2818.861,2827.485,2709.467,2785.161,2677.626,2694.246,2634.878,2675.861,2497.793,2589.746,2540.666,2695.763,2764.358,2786.014,2731.509,2768.989,2735.197,2781.98,2790.199,2722.571,2714.959,2782.023,2869.228,3113.657,3117.198,3120.804,3278.45,3127.321,3025.503,3007.398,2976.738,2975.256,3030.292,2968.878,2940.244,2972.417,2921.7929,2843.4688,2882.1855,2930.9784,2960.7716,3036.4989,3014.0141,3080.7461,3073.6732,3046.3286,3118.5302,3106.7168,3172.8751,3194.6,3152.6319,3049.8641,2999.4255,3007.5183,2993.4327,2837.7665,2857.1218,2835.7838,2770.0955,2876.5567,2890.6975,2929.638,2952.9377,2901.4454,2829.5014,2751.2235,2716.7857,2655.0858,2736.7828,2649.6471,2616.4581,2598.9254,2549.0042,2471.3637,M,2545.8566,2427.27,2590.57,2648.16,2598.7,2531.06,2493.03,2473.46,2425.63,2330.84,2309.72,2304.12,2266.53,2351.58,2429.7,M,2441.49,2463.98,2469.29,2555.54,2577.6,2555.18,2518.78,2461.11,2370.07,2415.84,2470.93,2521.11,2509.71,2568.17,2508.43,2455.62,2444.22,2486.19,2389.79,2416.02,2367.53,2330.5,2328.63,2289.11,2270.99,2229.65,2234.15,2271.78,2215.19,2191.15,2144.3,2228.3,2224.15,2122.3,2184.71,M,2204.4,2228.94,2163.72,2217.01,2166.64,2109.69,2122.92,2073.24,2158.91,2252.13,2254.83,2338.32,2384.19,2348.1,2425.51,2398.29,2532.12,2545.86,M,2422.3,2469.53,2426.81,2384.89,2437.09,2340.92,2328.99,2309.67,2349.37,2279.54,2308.33,2351.61,2389.41,2395.36,2408.25,2314.05,2262.84,2169.68,2071.26,2100.72,2134.48,2085.49,2104.62,2124.02,2147.91,2164.85,2153.17,2196.38,2240.23,2341.05,2294.4,2261.04,2276.26,2332.2,2296.19,2232.51,2250.01,2204.46,2235.78,2299.23,2324.35,2341.78,2298.74,2181.94,2199.06,2180.1,2106.95,2098.12,2149.88,2127.62,2139.6,2214.8,2212.64,2152.8,2154.35,2098.23,2143.94,2137.55,2155.53,2230.74,2196.33,2132.11,2121.41,2105.51,2121.56,2129.96,2135.09,2125.32,2168.18,2122.01,2132.35,2156.25,2143.1,2155.83,2226.7,2288.12,2297.61,2331.12,2345.83,2320.99,2435.57,2441.27,2438.64,2457.74,2474.59,2485.99,2451.04,2410.31,2534.07,2532.03,2595.8,2603.94,2809.63,3077.51,3077.75,3256.75,3308.39,3389.4,3442.66;
SERIES<FREQ W PER 2000:1:1 TO 2015:1:3>!
W924SSEB.W=40.684,37.839,38.59,40.717,M,M,40.092,37.656,37.349,36.852,37.514,39.683,41.853,42.371,42.877,42.486,43.097,M,41.105,42.425,47.503,56.66,51.274,55.563,55.284,56.017,54.856,57.347,58.253,60.922,64.301,70.025,78.228,72.768,64.475,69.971,68.504,59.376,62.128,M,59.254,62.397,68.683,73.061,75.106,76.306,72.912,74.999,76.947,78.133,86.47,89.55,89.447,88.334,85.565,M,M,79.238,80.331,83.201,110.401,128.015,132.277,138.637,156.879,161.053,172.371,186.478,176.603,181.47,197.849,208.921,227.867,231.89,223.567,204.495,207.666,217.345,207.802,210.429,199.065,182.951,159.584,169.558,156.949,166.558,158.758,162.998,152.496,146.894,151.551,M,155.031,146.252,156.099,156.09,150.633,152.585,158.332,165.313,172.079,166.722,169.393,170.279,169.024,154.513,148.883,137.139,143.504,142.296,M,M,142.008,154.06,150.203,152.233,151.191,151.744,150.396,139.611,144.606,145.276,142.936,143.783,141.812,138.168,139.781,136.472,141.742,150.792,157.786,155.19,156.912,150.876,151.308,150.323,151.033,152.235,151.642,148.332,148.098,146.353,144.575,M,138.607,137.748,132.485,129.281,130.052,123.783,117.231,118.75,117.244,118.401,121.894,116.548,112.726,118.842,128.442,126.35,127.274,M,126.141,123.905,125.688,123.28,121.209,121.138,121.655,124.673,124.681,128.371,118.055,118.614,M,116.493,116.139,119.502,115.129,116.798,115.092,113.152,112.5,113.316,113.645,112.453,111.333,109.627,105.465,100.147,100.202,100.126,98.227,98.296,98.627,99.123,105.991,103.133,105.438,106.477,111.655,109.995,110.476,110.374,110.982,109.074,104.593,106.353,106.166,113.132,113.172,M,114.588,119.21,117.802,121.01,118.87,115.944,116.283,118.787,117.256,118.71,117.166,115.577,111.576,107.024,M,103.976,104.779,105.141,101.426,94.125,82.708,86.88,89.713,88.748,91.713,89.684,90.613,91.204,88.871,85.726,84.991,86.629,84.409,92.103,93.59,91.955,94.733,87.064,87.176,85.091,81.368,84.467,84.574,83.826,82.385,82.116,79.88,79.857,75.652,78.553,77.794,77.229,76.015,77.642,M,77.188,82.524,81.913,82.51,79.493,78.034,79.859,83.239,80.953,77.935,75.263,M,69.968,69.413,66.818,63.699,69.017,64.838,66.194,64.035,60.944,55.571,55.012,58.687,64.646,67.433,66.063,65.175,67.675,67.535,69.147,66.951,67.65,M,65.844,64.048,59.359,60.325,60.889,62.209,61.528,59.665,59.92,60.001,60.433,62.015,66.966,71.803,85.462,86.515,M,85.585,84.057,88.031,86.488,81.73,83.788,87.402,88.308,92.692,91.876,94.69,90.743,M,99.424,99.932,95.275,97.273,86.884,89.418,89.332,92.394,94.292,90.937,92.444,92.792,89.351,90.508,89.056,90.22,91.061,91.134,89.877,101.789,107.798,M,105.679,107.573,106.788,110.175,108.479,109.023,116.965,121.049,117.601,125.076,125.954,130.117,133.455,158.537,172.135,170.542,158.824,175.453,187.587,M,173.402,169.745,170.207,177.899,177.799,186.509,190.325,201.296,215.985,231.134,289.209,360.666,323.619,282.332,288.449,301.33,276.52,254.981,256.907,279.292,286.574,317.566,324.273,317.571,299.873,318.185,323.4,332.89,351.416,359.28,367.35,M,382.244,384.12,358.434,371.408,352.425,337.531,336.521,343.011,358.962,355.963,355.485,365.93,373.14,367.94,354.496,321.107,295.812,317.714,311.55,313.637,310.595,309.484,288.327,261.435,261.489,241.247,251.503,216.654,256.612,261.316,258.014,257.828,245.2,242.858,245.295,222.584,206.683,209.123,209.926,219.767,211.847,214.217,211.887,181.859,163.676,154.799,151.763,147.112,135.189,121.596,132.759,M,110.702,104.24,99.939,88.466,91.773,106.448,105.923,106.131,118.304,113.464,118.425,110.207,110.918,118.665,120.808,124.785,M,136.179,147.599,147.67,131.408,140.912,138.497,149.128,156.975,159.36,161.864,163.96,161.496,162.514,168.523,171.588,173.761,174.897,181.146,180.791,184.461,185.888,197.209,198.853,206.054,211.489,218.607,210.875,202.717,198.107,198.724,195.857,203.112,203.914,199.082,193.504,200.39,203.725,212.42,207.954,220.267,251.192,262.81,238.175,255.612,255.07,240.359,247.058,252.407,253.748,260.016,250.333,242.631,239.84,250.333,M,254.064,252.453,247.906,254.508,254.436,263.796,266.687,263.804,261.822,247.29,223.031,224.076,205.388,212.298,210.309,220.118,213.726,225.652,210.031,222.93,221.715,231.191,237.591,243.55,244.521,244.981,254.339,258.642,258.846,253.125,254.769,262.773,268.075,274.199,284.027,290.988,309.203,298.713,295.276,301.487,298.569,298.869,307.205,302.167,304.346,307.603,306.7126,300.0152,304.6425,306.6324,308.065,313.7219,312.8965,316.9857,319.4393,315.351,321.5801,320.2732,325.4879,326.8639,328.0062,303.1078,301.5468,302.1897,300.066,282.0058,286.3535,250.13,247.4558,267.1468,272.48,285.0,287.76,285.55,281.7,275.27,266.33,261.04,263.38,257.96,255.42,252.06,247.31,239.33,M,244.09,232.98,253.58,257.05,252.48,247.17,242.93,222.61,223.59,215.87,216.2,215.26,208.73,216.66,223.23,M,225.01,229.54,232.71,243.3,245.47,246.99,244.06,235.53,230.33,236.23,241.8,242.11,248.37,251.6,245.75,239.78,236.83,236.87,228.57,238.94,241.31,235.63,234.06,231.09,230.44,217.49,212.1,217.86,214.59,215.88,214.43,223.5,224.26,216.18,220.0,M,221.11,222.15,219.62,223.92,221.45,216.58,218.44,217.27,222.85,228.4,231.07,244.2,247.5,254.02,265.25,267.38,279.1,286.4,M,268.43,278.43,271.92,263.73,269.57,263.8,264.12,260.73,263.72,255.5,260.57,264.97,267.56,267.65,263.56,259.81,255.63,246.38,238.66,238.51,242.96,236.87,237.2,240.22,242.77,245.33,247.73,244.4,243.05,251.99,251.36,248.68,252.55,259.67,256.47,249.85,249.26,246.14,244.38,249.7,255.55,256.42,253.65,247.8,252.29,250.05,243.13,244.12,249.81,246.32,246.91,243.35,241.04,228.91,232.12,226.94,222.75,226.79,227.25,232.15,230.4,226.13,226.44,224.08,226.68,228.55,222.93,223.53,223.96,220.42,220.55,223.94,226.01,226.11,230.1,237.26,239.48,250.4,252.7,252.95,259.8,262.28,262.31,265.0,268.16,263.99,260.9,256.68,262.04,260.21,260.63,266.26,277.48,279.47,287.04,292.06,289.6,290.76,292.79;
SERIES<FREQ W PER 2000:1:1 TO 2015:1:3>!
W924SZSEA.W=482.54,451.73,477.01,505.02,M,M,558.61,542.65,573.18,559.46,552.07,582.23,604.05,609.81,612.96,609.11,610.84,M,570.51,593.71,625.43,636.11,628.65,635.15,646.15,647.63,647.48,662.01,662.28,668.79,672.86,681.97,687.45,684.08,657.51,649.15,659.15,628.87,635.34,M,638.95,648.16,653.93,657.37,677.14,692.7,681.38,691.49,685.39,676.29,682.31,682.61,696.72,685.89,672.3,M,M,634.01,628.96,618.36,636.76,645.05,649.05,656.03,675.55,672.02,681.83,679.0,665.8,666.46,675.6,686.98,683.05,689.56,690.38,690.05,688.91,690.8,676.87,676.07,680.74,645.42,611.93,612.91,602.41,595.88,578.02,567.3,564.35,557.09,541.61,541.61,514.28,476.45,509.5,514.29,493.8,497.75,520.25,533.4,535.17,510.42,500.02,498.04,489.97,460.8,413.64,424.93,440.67,449.74,M,M,449.41,501.38,496.25,509.21,491.69,501.38,508.4,499.74,501.57,512.03,506.45,483.64,483.21,472.44,477.88,465.67,495.8,534.97,532.36,527.19,530.43,513.46,514.98,510.68,511.79,522.21,517.32,508.51,503.56,496.16,487.3,M,470.49,469.16,468.8,465.13,464.11,442.93,416.22,430.96,421.87,420.79,432.61,417.27,402.03,420.49,444.76,443.14,449.63,M,455.34,446.09,454.85,448.23,440.15,439.38,442.1,449.06,457.94,467.81,437.03,440.8,M,449.91,456.43,464.4,448.78,454.61,443.9,431.61,430.94,437.94,429.76,420.41,421.6,421.2,417.57,415.07,410.7,412.68,405.75,400.58,395.09,392.23,402.84,393.04,394.38,379.05,371.73,370.22,376.49,385.84,397.19,398.02,384.79,399.28,395.62,407.89,416.24,M,420.52,444.66,450.89,474.12,460.76,459.79,461.95,473.88,474.91,484.97,476.93,461.5,441.99,425.59,M,417.64,420.13,416.15,415.56,394.01,381.43,374.92,380.56,376.96,382.28,372.98,366.31,364.34,356.2,345.42,339.89,345.53,336.5,370.59,379.8,369.88,380.87,353.83,351.72,348.81,342.05,356.5,364.45,360.16,357.07,347.39,338.27,337.49,328.69,324.61,325.31,321.82,315.1,322.85,M,322.54,339.98,334.5,337.28,318.78,313.78,317.04,326.33,314.01,295.71,291.76,M,277.25,276.91,267.8,258.29,280.58,271.63,277.63,260.11,249.05,249.08,253.08,262.23,276.31,283.46,283.55,288.59,296.77,299.71,309.72,291.73,291.46,M,289.4,291.92,273.66,279.65,275.76,282.25,280.9,274.31,277.2,284.13,287.15,290.06,302.47,309.15,315.3,317.36,M,326.99,318.89,326.91,324.22,313.98,319.26,326.88,333.94,350.48,357.25,360.85,365.77,M,402.76,425.46,419.51,443.87,413.63,423.413,432.759,451.208,460.642,442.843,446.733,440.237,402.363,414.054,411.879,420.877,432.335,434.567,439.968,446.546,455.454,455.454,463.92,466.802,458.529,467.595,460.403,469.004,485.5,518.107,506.35,544.868,554.276,569.576,581.65,619.654,696.43,709.796,666.28,703.547,787.784,M,760.652,793.652,808.77,853.157,861.779,929.388,992.94,1052.165,1098.401,1114.14,1162.702,1207.586,1292.545,1182.075,1196.421,1279.405,1242.95,1125.697,1112.918,1136.136,1172.418,1301.799,1384.251,1380.606,1363.406,1502.827,1529.652,1534.52,1555.625,1571.676,1609.764,M,1594.279,1568.314,1444.876,1452.479,1362.442,1350.164,1334.401,1295.428,1382.201,1398.171,1445.726,1520.989,1586.58,1635.351,1598.683,1509.644,1339.458,1447.324,1441.866,1454.748,1445.903,1441.655,1302.124,1234.251,1197.751,1055.413,1130.877,976.187,1110.482,1152.548,1152.61,1181.632,1105.06,1088.589,1058.419,896.031,831.918,833.287,845.62,901.934,864.606,902.952,876.461,784.008,730.901,709.566,690.435,636.672,606.621,625.339,644.953,M,558.338,530.009,531.719,495.223,491.104,573.691,581.501,567.391,631.791,614.962,655.282,598.78,581.511,615.807,631.775,641.971,M,708.188,789.047,783.475,693.532,752.593,728.884,791.994,819.396,843.309,864.339,890.459,864.492,872.806,926.464,932.147,922.147,927.148,963.422,949.47,991.738,1006.933,1050.765,1095.906,1139.544,1161.76,1174.954,1142.506,1074.63,1029.236,1023.354,1016.962,1067.379,1081.949,1025.51,996.263,1047.028,1080.072,1140.249,1106.945,1180.706,1209.292,1268.89,1194.53,1275.4,1279.51,1184.28,1226.48,1261.26,1247.14,1288.09,1219.76,1176.05,1151.77,1186.84,M,1231.05,1219.13,1204.14,1239.98,1245.24,1296.13,1312.32,1290.99,1264.77,1167.51,1116.92,1090.75,1058.64,1115.56,1086.04,1119.28,1061.48,1078.73,969.89,1031.23,1015.32,1088.4,1126.45,1160.6,1155.46,1170.96,1182.44,1234.42,1244.16,1211.69,1198.12,1223.25,1257.55,1268.59,1320.97,1364.47,1415.07,1357.4,1358.19,1395.43,1362.98,1358.8,1411.71,1352.06,1351.14,1352.16,1289.6,1231.53,1239.49,1252.67,1290.96,1332.28,1340.11,1346.35,1360.36,1353.63,1369.31,1325.37,1345.75,1340.83,1333.73,1255.94,1250.56,1257.14,1248.14,1152.05,1176.15,1165.59,1135.82,1189.6,1216.63,1257.87,1291.09,1268.13,1234.08,1219.96,1214.3,1187.92,1226.16,1177.91,1145.96,1142.37,1112.55,1053.13,M,1085.53,1005.15,1085.26,1122.44,1107.64,1081.12,1068.77,1042.08,1007.62,953.56,926.87,906.91,855.38,884.88,900.55,M,918.74,945.19,963.41,1017.3,1025.66,1041.63,1027.9,996.64,932.23,967.65,994.44,1005.99,983.0,1016.72,1004.53,984.31,978.16,1011.42,971.77,998.52,986.49,963.74,977.74,965.02,936.62,916.74,912.14,948.74,917.48,911.58,877.04,932.91,931.01,872.7,893.2,M,905.5,917.55,878.81,902.04,865.92,836.16,836.69,785.82,820.71,852.2,866.32,911.35,915.82,924.67,976.6,947.99,984.12,1011.0,M,988.45,1019.33,999.47,973.57,1002.56,967.96,952.84,951.89,983.86,951.57,976.67,1013.04,1045.7,1073.96,1080.63,1025.63,1017.95,979.94,925.75,962.47,981.17,972.35,1002.13,1018.18,1040.07,1023.24,1049.02,1040.19,1076.03,1087.18,1082.02,1089.69,1103.18,1135.38,1121.34,1085.45,1061.34,1041.38,1074.7,1098.66,1137.32,1101.51,1114.7,1070.91,1096.72,1112.38,1066.1,1081.3,1137.46,1128.92,1147.44,1189.06,1185.56,1139.29,1151.12,1121.67,1132.66,1090.2,1115.21,1136.18,1137.52,1082.26,1072.61,1062.44,1064.11,1086.29,1100.51,1102.31,1127.23,1096.44,1135.08,1162.96,1156.58,1149.63,1160.16,1198.71,1226.06,1254.12,1287.13,1265.85,1330.2,1352.35,1348.63,1371.08,1393.01,1411.05,1382.63,1354.45,1410.9,1415.17,1381.65,1420.82,1484.23,1520.17,1546.49,1531.62,1504.18,1478.45,1507.14;
SERIES<FREQ W PER 2000:1:1 TO 2015:1:3>!
W924SZSEB.W=90.78,84.86,85.45,88.38,M,M,89.52,84.48,86.47,83.41,80.75,90.46,93.97,92.14,91.63,91.19,90.05,M,84.74,89.05,94.78,114.47,107.2,111.36,112.68,114.74,110.49,112.5,112.45,114.79,118.38,123.07,126.17,126.49,118.28,121.0,119.12,104.57,107.32,M,104.79,108.96,114.18,119.1,119.7,121.65,118.95,120.06,121.43,120.45,129.34,137.69,137.47,135.9,136.27,M,M,125.8,125.52,127.72,168.7,224.26,268.99,327.12,336.39,333.19,348.59,372.99,367.26,377.37,394.47,404.0,435.57,409.67,375.2,367.39,366.37,369.35,331.64,337.4,306.33,291.4,269.91,280.22,269.92,291.62,273.06,277.53,256.2,229.24,241.83,241.83,252.55,235.11,251.76,251.63,243.73,243.67,252.84,264.63,274.2,265.61,263.61,265.11,261.62,237.27,215.78,206.78,213.7,218.7,M,M,216.64,241.18,231.96,233.44,228.75,232.89,231.5,218.35,226.81,228.68,223.15,222.21,221.01,207.64,212.42,209.13,220.33,238.46,262.31,250.82,254.03,242.84,244.21,242.74,243.23,245.91,243.46,237.24,234.87,231.69,231.61,M,216.37,211.19,205.96,199.66,199.29,190.44,188.03,194.85,194.01,194.24,197.91,189.99,186.19,194.27,205.33,205.58,209.3,M,208.58,204.24,206.73,202.75,198.52,197.13,200.07,212.78,217.24,226.4,210.67,212.37,M,216.53,218.48,225.57,215.47,222.84,220.65,217.64,219.02,227.46,229.98,228.47,231.27,231.52,232.33,223.97,225.54,225.29,223.46,228.43,226.22,227.48,254.54,249.48,252.4,263.47,276.7,268.08,263.42,266.38,273.02,271.79,267.83,274.93,268.69,287.14,287.98,M,290.23,288.21,296.08,302.69,298.1,293.53,289.03,297.04,294.02,304.74,309.26,296.54,284.94,261.31,M,249.12,254.24,262.6,262.66,254.02,235.27,242.81,257.15,253.62,253.95,245.86,244.05,243.47,235.78,214.4,216.47,220.79,219.09,242.66,249.22,243.94,251.25,228.88,235.1,227.66,224.11,236.13,241.43,240.94,240.31,238.21,232.39,234.72,219.8,229.45,231.99,228.38,232.36,247.29,M,245.64,259.05,260.05,273.42,261.61,259.68,262.52,273.18,265.59,250.73,251.32,M,233.26,233.01,230.1,211.62,228.5,221.61,220.64,214.69,207.04,211.84,210.71,218.68,238.53,238.89,230.6,217.87,224.79,224.78,232.15,224.18,223.55,M,211.16,204.07,186.53,192.84,195.94,200.43,197.8,194.07,189.7,191.74,192.29,195.61,213.64,222.41,248.29,246.84,M,255.99,254.44,252.82,251.03,242.86,248.01,255.06,263.85,277.16,283.72,290.54,283.42,M,312.33,314.93,300.66,301.96,278.82,282.649,280.613,295.098,292.911,288.859,293.342,289.57,281.428,286.185,289.125,286.29,290.93,291.127,291.011,310.028,323.358,323.358,326.048,330.46,331.272,342.427,349.108,355.447,359.785,379.576,382.693,400.322,415.0,433.318,441.855,485.473,511.925,501.294,449.507,498.568,536.246,M,493.01,483.552,487.575,507.425,523.966,539.537,547.116,558.707,592.541,624.797,723.975,745.961,722.904,653.15,672.647,699.201,692.073,672.195,675.193,719.393,737.922,774.36,783.388,773.836,673.934,734.992,743.485,732.917,768.888,768.068,781.113,M,763.652,787.002,751.684,784.173,737.713,707.45,681.662,690.91,724.813,687.391,685.095,709.685,722.104,721.849,683.873,657.467,640.446,674.002,656.162,631.607,634.917,632.728,572.61,551.18,567.295,540.453,558.777,506.127,569.821,572.138,561.957,556.782,535.978,544.517,551.871,506.899,475.543,471.206,466.173,477.639,459.514,464.528,457.61,404.077,388.049,376.112,384.417,363.457,326.558,311.676,311.298,M,265.284,253.313,245.021,222.992,231.069,253.005,248.088,250.782,282.771,276.037,289.175,269.417,271.276,285.016,282.511,284.01,M,301.876,327.37,326.274,300.541,320.923,316.158,335.375,351.48,356.075,359.211,374.435,364.664,365.109,387.788,401.396,406.99,421.333,464.251,452.24,469.362,486.657,515.383,512.771,535.057,544.765,549.016,537.179,513.516,499.802,494.091,500.961,524.39,523.088,508.686,502.801,519.999,525.177,546.964,537.398,561.747,622.813,636.3,588.7,630.62,635.3,583.3,607.25,625.95,617.76,633.47,607.9,592.41,573.53,591.02,M,602.82,612.09,615.07,629.91,623.06,642.06,647.43,642.38,618.56,602.24,565.18,566.83,529.56,560.86,556.27,554.22,549.14,578.17,553.28,591.93,596.34,629.87,656.14,651.32,659.08,657.33,672.24,708.3,709.34,718.45,726.58,761.61,782.55,803.43,811.45,844.0,871.43,833.22,823.54,839.36,835.59,832.58,854.09,837.88,824.82,835.55,818.26,824.62,825.98,829.68,824.99,839.13,815.08,817.29,829.79,809.82,832.16,822.61,833.2,840.89,837.15,799.99,788.04,781.35,770.04,724.39,747.64,695.4,689.4,716.67,725.34,751.98,751.37,750.69,734.5,711.8,677.32,665.77,666.38,668.31,655.38,619.75,556.32,553.42,M,581.95,548.7,610.2,629.32,606.04,586.19,575.6,579.08,568.61,546.32,555.12,567.03,555.68,572.1,595.92,M,593.5,614.31,623.44,663.34,677.52,678.1,675.26,646.05,640.13,652.45,656.75,653.68,671.24,676.23,661.42,631.12,628.28,646.59,619.43,629.35,636.86,627.46,639.87,628.14,618.81,583.28,577.91,572.36,582.06,582.97,572.25,582.71,581.63,554.85,573.43,M,583.89,600.36,591.77,609.83,599.92,592.37,608.08,608.08,621.71,642.71,647.75,696.32,737.51,736.39,763.24,831.58,870.14,854.0,M,819.44,849.69,826.99,797.79,802.79,791.25,773.31,789.66,825.85,810.55,823.11,847.06,864.16,862.16,875.94,859.92,819.36,784.94,775.94,772.67,774.28,760.91,768.91,783.7,804.5,815.75,806.28,816.95,823.39,836.42,829.17,826.03,827.64,856.42,855.66,843.24,834.23,821.9,840.24,862.25,881.09,897.34,882.85,849.47,860.9,859.92,843.0,845.17,862.88,850.11,837.57,855.37,850.69,830.11,846.37,834.13,823.77,817.69,834.73,846.25,844.75,827.39,828.57,808.7,816.15,820.45,803.15,811.5,824.94,824.58,838.42,846.32,880.68,885.29,911.9,925.24,937.83,947.99,942.51,940.2,967.3,973.2,970.48,974.16,979.63,973.84,967.22,957.87,977.95,956.26,969.84,967.36,989.36,1004.7,1022.1,1011.59,1009.25,1028.81,1068.89;
