SERIES<FREQ A PER 1995 TO 2019>!
A124P512CQR.a=4829.0,5068.0,5576.0,6276.0,6713.0,7228.0,7941.0,8408.0,8774.0,9406.0,9706.0,9971.0,10750.0,11553.0,12822.0,13459.0,14794.0,15164.0,15642.0,17301.0,19776.0,18180.0,19764.0,21083.0,22185.0;
SERIES<FREQ A PER 1995 TO 2019>!
A124P512CQS.a=4829.0,5068.0,5576.0,6276.0,6713.0,7228.0,7941.0,8408.0,8774.0,9406.0,9706.0,9971.0,10750.0,11553.0,12822.0,13459.0,14794.0,15164.0,15642.0,17301.0,19776.0,18180.0,19764.0,21083.0,22185.0;
SERIES<FREQ A PER 1995 TO 2019>!
A124P512LNQ.a=6663.0,6837.0,7363.0,8157.0,8565.0,9024.0,9750.0,10220.0,10888.0,11759.0,11960.0,12018.0,12600.0,13137.0,14376.0,14747.0,15719.0,15657.0,15854.0,17431.0,19777.0,18134.0,19443.0,20548.0,21199.0;
SERIES<FREQ A PER 1995 TO 2019>!
A124P512LQS.a=6663.0,6837.0,7363.0,8157.0,8565.0,9024.0,9750.0,10220.0,10888.0,11759.0,11960.0,12018.0,12600.0,13137.0,14376.0,14747.0,15719.0,15657.0,15854.0,17431.0,19777.0,18134.0,19443.0,20548.0,21199.0;
SERIES<FREQ A PER 1995 TO 2019>!
A124P51N1CQR.a=12444.0,11591.0,12627.0,12064.0,12782.0,13135.0,13220.0,12795.0,13565.0,15368.0,17705.0,20117.0,21683.0,23013.0,21302.0,22240.0,21974.0,22637.0,22267.0,23607.0,23793.0,24635.0,25489.0,27088.0,29476.0;
SERIES<FREQ A PER 1995 TO 2019>!
A124P51N1CQS.a=12444.0,11591.0,12627.0,12064.0,12782.0,13135.0,13220.0,12795.0,13565.0,15368.0,17705.0,20117.0,21683.0,23013.0,21302.0,22240.0,21974.0,22637.0,22267.0,23607.0,23793.0,24635.0,25489.0,27088.0,29476.0;
SERIES<FREQ A PER 1995 TO 2019>!
A124P51N1LNQ.a=20508.0,18967.0,20418.0,19308.0,20090.0,20050.0,19638.0,18616.0,19255.0,20751.0,22872.0,24608.0,25393.0,25005.0,22861.0,23506.0,22888.0,22932.0,22289.0,23561.0,23793.0,24489.0,24689.0,25329.0,26549.0;
SERIES<FREQ A PER 1995 TO 2019>!
A124P51N1LQS.a=20508.0,18967.0,20418.0,19308.0,20090.0,20050.0,19638.0,18616.0,19255.0,20751.0,22872.0,24608.0,25393.0,25005.0,22861.0,23506.0,22888.0,22932.0,22289.0,23561.0,23793.0,24489.0,24689.0,25329.0,26549.0;
SERIES<FREQ A PER 1995 TO 2019>!
A124P51N2CQR.a=10198.0,10917.0,11037.0,11754.0,11690.0,11652.0,11691.0,10986.0,11382.0,12796.0,12990.0,13389.0,15044.0,16377.0,17276.0,17061.0,19933.0,21903.0,20813.0,20748.0,20984.0,21872.0,23172.0,25235.0,27602.0;
SERIES<FREQ A PER 1995 TO 2019>!
A124P51N2CQS.a=10198.0,10917.0,11037.0,11754.0,11690.0,11652.0,11691.0,10986.0,11382.0,12796.0,12990.0,13389.0,15044.0,16377.0,17276.0,17061.0,19933.0,21903.0,20813.0,20748.0,20984.0,21872.0,23172.0,25235.0,27602.0;
SERIES<FREQ A PER 1995 TO 2019>!
A124P51N2LNQ.a=13917.0,14919.0,14879.0,15565.0,15002.0,14753.0,14743.0,13861.0,13871.0,15302.0,15263.0,14957.0,16246.0,17177.0,18688.0,17803.0,19919.0,21640.0,20645.0,20589.0,20984.0,21754.0,22313.0,23535.0,25337.0;
SERIES<FREQ A PER 1995 TO 2019>!
A124P51N2LQS.a=13917.0,14919.0,14879.0,15565.0,15002.0,14753.0,14743.0,13861.0,13871.0,15302.0,15263.0,14957.0,16246.0,17177.0,18688.0,17803.0,19919.0,21640.0,20645.0,20589.0,20984.0,21754.0,22313.0,23535.0,25337.0;
SERIES<FREQ A PER 1995 TO 2019>!
A124P51N31CQR.a=4174.0,4092.0,4024.0,4108.0,5252.0,6083.0,6071.0,5674.0,5648.0,7626.0,8070.0,7425.0,8231.0,8284.0,7151.0,7186.0,7996.0,6738.0,6971.0,7327.0,8819.0,11746.0,10645.0,9994.0,10196.0;
SERIES<FREQ A PER 1995 TO 2019>!
A124P51N31CQS.a=4174.0,4092.0,4024.0,4108.0,5252.0,6083.0,6071.0,5674.0,5648.0,7626.0,8070.0,7425.0,8231.0,8284.0,7151.0,7186.0,7996.0,6738.0,6971.0,7327.0,8819.0,11746.0,10645.0,9994.0,10196.0;
SERIES<FREQ A PER 1995 TO 2019>!
A124P51N31LNQ.a=5427.0,5234.0,5004.0,5031.0,6301.0,7101.0,7084.0,6698.0,6399.0,8489.0,9102.0,8135.0,8852.0,8829.0,7473.0,7510.0,8247.0,6834.0,7048.0,7419.0,8819.0,11714.0,10573.0,9871.0,9981.0;
SERIES<FREQ A PER 1995 TO 2019>!
A124P51N31LQS.a=5427.0,5234.0,5004.0,5031.0,6301.0,7101.0,7084.0,6698.0,6399.0,8489.0,9102.0,8135.0,8852.0,8829.0,7473.0,7510.0,8247.0,6834.0,7048.0,7419.0,8819.0,11714.0,10573.0,9871.0,9981.0;
SERIES<FREQ A PER 1995 TO 2019>!
A124P51N3CQR.a=17112.0,17687.0,19612.0,20434.0,22425.0,25607.0,26245.0,24270.0,23807.0,26020.0,28153.0,28939.0,32367.0,33662.0,27376.0,27421.0,29618.0,28763.0,28182.0,30057.0,31067.0,35361.0,35107.0,35830.0,35892.0;
SERIES<FREQ A PER 1995 TO 2019>!
A124P51N3CQS.a=17112.0,17687.0,19612.0,20434.0,22425.0,25607.0,26245.0,24270.0,23807.0,26020.0,28153.0,28939.0,32367.0,33662.0,27376.0,27421.0,29618.0,28763.0,28182.0,30057.0,31067.0,35361.0,35107.0,35830.0,35892.0;
SERIES<FREQ A PER 1995 TO 2019>!
A124P51N3LNQ.a=20294.0,20646.0,22760.0,23511.0,25492.0,28400.0,29095.0,27485.0,26272.0,28776.0,30910.0,31063.0,34262.0,34813.0,28480.0,28372.0,30275.0,29108.0,28537.0,30455.0,31067.0,35221.0,34551.0,35011.0,34954.0;
SERIES<FREQ A PER 1995 TO 2019>!
A124P51N3LQS.a=20294.0,20646.0,22760.0,23511.0,25492.0,28400.0,29095.0,27485.0,26272.0,28776.0,30910.0,31063.0,34262.0,34813.0,28480.0,28372.0,30275.0,29108.0,28537.0,30455.0,31067.0,35221.0,34551.0,35011.0,34954.0;
SERIES<FREQ A PER 1995 TO 2019>!
A124P51N4CQR.a=107.0,132.0,124.0,137.0,102.0,80.0,90.0,96.0,102.0,115.0,133.0,177.0,196.0,232.0,169.0,156.0,193.0,206.0,209.0,196.0,68.0,65.0,68.0,79.0,86.0;
SERIES<FREQ A PER 1995 TO 2019>!
A124P51N4CQS.a=107.0,132.0,124.0,137.0,102.0,80.0,90.0,96.0,102.0,115.0,133.0,177.0,196.0,232.0,169.0,156.0,193.0,206.0,209.0,196.0,68.0,65.0,68.0,79.0,86.0;
SERIES<FREQ A PER 1995 TO 2019>!
A124P51N4LNQ.a=103.0,127.0,110.0,137.0,115.0,82.0,89.0,102.0,102.0,105.0,130.0,168.0,192.0,211.0,163.0,159.0,185.0,183.0,186.0,186.0,68.0,69.0,72.0,80.0,86.0;
SERIES<FREQ A PER 1995 TO 2019>!
A124P51N4LQS.a=103.0,127.0,110.0,137.0,115.0,82.0,89.0,102.0,102.0,105.0,130.0,168.0,192.0,211.0,163.0,159.0,185.0,183.0,186.0,186.0,68.0,69.0,72.0,80.0,86.0;
SERIES<FREQ A PER 2008 TO 2020>!
A199B1GEHCS.a=11712.8,11467.5,11795.7,12267.4,12153.9,12617.9,12688.0,12749.2,12797.3,12968.0,13136.5,13260.8,12480.1;
SERIES<FREQ A PER 2008 TO 2020>!
A199B1GEHVS.a=12377.1,12026.1,12227.9,12462.0,12568.5,12708.9,12770.3,12749.2,12628.2,12639.1,12577.3,12438.5,11425.9;
SERIES<FREQ A PER 2008 TO 2020>!
A199POPNCPES.a=49561.7,50223.6,50896.4,51580.1,52275.3,52982.3,53701.6,54432.7,55173.5,55905.5,56622.7,57341.7,58064.7;
SERIES<FREQ A PER 2001 TO 2020>!
A233B1GEHCS.a=7282.2,7432.5,7591.4,8070.1,8460.6,9191.9,9956.0,10360.0,10434.8,10903.0,11766.7,12156.3,12843.1,13411.5,13375.9,14102.5,14479.8,15256.2,16077.3,14999.4;
SERIES<FREQ A PER 2001 TO 2020>!
A233B1GEHVS.a=8596.8,8701.4,8930.4,9291.9,9611.8,10135.8,10691.2,10912.8,10908.5,11266.6,11910.3,12234.4,12716.2,13138.6,13375.9,13503.8,13537.4,13734.6,14034.3,12944.0;
SERIES<FREQ A PER 1992 TO 2020>!
A238B1GEGPS.a=9.20110373,7.097191243,4.51902838,4.153953049,1.350459491,5.476165764,7.155308584,4.214811171,3.868718088,3.491169897,3.416876397,4.317179861,4.4245996,3.976666365,7.326695435,8.215131979,4.738174883,-0.873455945,5.360343523,4.403159239,4.88259241,2.494766117,3.542109872,3.652080971,4.204323248,4.157698963,2.056202732,2.167951808,-4.539965916;
SERIES<FREQ A PER 1992 TO 2020>!
A238B1GEGYS.a=9.20110373,7.097191243,4.51902838,4.153953049,1.350459491,5.476165764,7.155308584,4.214811171,3.868718088,3.491169897,3.416876397,4.317179861,4.4245996,3.976666365,7.326695435,8.215131979,4.738174883,-0.873455945,5.360343523,4.403159239,4.88259241,2.494766117,3.542109872,3.652080971,4.204323248,4.157698963,2.056202732,2.167951808,-4.539965916;
SERIES<FREQ A PER 1992 TO 2020>!
A238P3145GPS.a=9.638811159,9.500191115,5.168445835,2.214627829,1.732091443,4.804569234,4.540353604,1.743810942,0.965129389,2.351103022,5.530525461,4.868337441,2.554240145,4.815793066,5.158802578,7.672424062,5.951797585,0.272851627,5.890454046,6.837817933,7.254927217,1.907056054,4.820473148,4.675584752,3.75363856,5.554612804,1.640382608,1.643432409,-4.324162876;
SERIES<FREQ A PER 1992 TO 2020>!
A238P3145GYS.a=9.638811159,9.500191115,5.168445835,2.214627829,1.732091443,4.804569234,4.540353604,1.743810942,0.965129389,2.351103022,5.530525461,4.868337441,2.554240145,4.815793066,5.158802578,7.672424062,5.951797585,0.272851627,5.890454046,6.837817933,7.254927217,1.907056054,4.820473148,4.675584752,3.75363856,5.554612804,1.640382608,1.643432409,-4.324162876;
SERIES<FREQ A PER 1992 TO 2020>!
A238P3S13GPS.a=3.25823675,5.430640751,2.052550135,-0.400881956,0.838960986,4.101390443,1.95049249,1.889388012,2.219419173,4.395064314,2.153358461,1.914292697,1.085616113,1.098691044,3.19811056,2.487018411,5.238029226,6.213617496,4.324784517,1.062385243,1.122444574,3.367892177,2.942510586,2.384872878,2.34300718,1.963442638,0.48778941,5.319579058,0.393147935;
SERIES<FREQ A PER 1992 TO 2020>!
A238P3S13GYS.a=3.25823675,5.430640751,2.052550135,-0.400881956,0.838960986,4.101390443,1.95049249,1.889388012,2.219419173,4.395064314,2.153358461,1.914292697,1.085616113,1.098691044,3.19811056,2.487018411,5.238029226,6.213617496,4.324784517,1.062385243,1.122444574,3.367892177,2.942510586,2.384872878,2.34300718,1.963442638,0.48778941,5.319579058,0.393147935;
SERIES<FREQ A PER 1992 TO 2020>!
A238P51GPS.a=28.730722916,14.816113469,3.684708126,5.674281583,-5.634663527,18.347773225,26.267546783,-1.847371296,-4.577146058,2.825081376,5.018840528,5.433304076,1.035838832,4.587806402,7.675048992,18.984920229,9.688509226,-12.618956681,4.276021619,3.243057847,8.585473119,4.837929399,3.892541814,3.540647775,5.998866572,0.078501681,0.8045028,-5.361937829,-4.063755367;
SERIES<FREQ A PER 1992 TO 2020>!
A238P51GYS.a=28.730722916,14.816113469,3.684708126,5.674281583,-5.634663527,18.347773225,26.267546783,-1.847371296,-4.577146058,2.825081376,5.018840528,5.433304076,1.035838832,4.587806402,7.675048992,18.984920229,9.688509226,-12.618956681,4.276021619,3.243057847,8.585473119,4.837929399,3.892541814,3.540647775,5.998866572,0.078501681,0.8045028,-5.361937829,-4.063755367;
SERIES<FREQ A PER 1992 TO 2020>!
A238P6GPS.a=17.067820291,8.094809549,3.941271888,11.018386022,6.25655812,8.695457847,14.458865762,5.118522433,2.240459971,1.702018301,2.680096864,5.671028642,10.383341765,6.011897534,8.04149726,7.522935854,2.172059311,-8.461752644,9.327452512,7.048104153,5.564272456,3.311533511,4.964336024,2.888311968,9.417271886,6.954924491,4.704112316,2.985694768,-10.704521593;
SERIES<FREQ A PER 1992 TO 2020>!
A238P6GYS.a=17.067820291,8.094809549,3.941271888,11.018386022,6.25655812,8.695457847,14.458865762,5.118522433,2.240459971,1.702018301,2.680096864,5.671028642,10.383341765,6.011897534,8.04149726,7.522935854,2.172059311,-8.461752644,9.327452512,7.048104153,5.564272456,3.311533511,4.964336024,2.888311968,9.417271886,6.954924491,4.704112316,2.985694768,-10.704521593;
SERIES<FREQ A PER 1992 TO 2020>!
A238P7GPS.a=23.061020852,14.191949508,4.686316852,3.344287555,3.141479596,14.990156377,16.328135266,-3.080925572,-3.897297836,0.010074044,6.129696514,4.543606192,4.811515908,6.945545402,7.816209212,10.088463464,6.658714765,-18.736288198,18.726444647,10.670932196,7.824970771,1.680638955,5.046277656,4.498020436,8.938430422,5.012553239,0.203460677,-0.492356999,-9.504677827;
SERIES<FREQ A PER 1992 TO 2020>!
A238P7GYS.a=23.061020852,14.191949508,4.686316852,3.344287555,3.141479596,14.990156377,16.328135266,-3.080925572,-3.897297836,0.010074044,6.129696514,4.543606192,4.811515908,6.945545402,7.816209212,10.088463464,6.658714765,-18.736288198,18.726444647,10.670932196,7.824970771,1.680638955,5.046277656,4.498020436,8.938430422,5.012553239,0.203460677,-0.492356999,-9.504677827;
SERIES<FREQ A PER 2005 TO 2020>!
A456B1GS1CQR.a=1230771.4,1411491.4,1558827.5,1949238.3,1609117.0,1980777.4,2517146.0,2759905.7,2799926.7,2836313.5,2453511.8,2418508.3,2582197.9,2949457.2,2973625.7,2625442.2;
SERIES<FREQ A PER 2005 TO 2020>!
A456B1GVMNCQR.a=27877.0,29283.3,30996.4,33021.2,35207.4,37767.6,41892.5,45969.5,49740.2,53607.1,55759.1,57371.6,58592.7,62673.6,67626.0,65728.9;
SERIES<FREQ A PER 2010 TO 2020>!
A456B1GVMNVQR.a=37767.6,40202.2,42589.4,45339.9,47907.5,48812.7,49648.4,50323.3,52918.1,56590.9,54234.5;
SERIES<FREQ A PER 2010 TO 2020>!
A456B1GVMNVQS.a=37767.6,40202.2,42589.4,45339.9,47907.5,48812.7,49648.4,50323.3,52918.1,56590.9,54234.5;
SERIES<FREQ A PER 2006 TO 2020>!
A456D1D4FRCQR.a=39252.8,56730.1,80618.3,74070.2,68143.2,74121.4,88678.3,94389.2,101665.3,95912.5,89889.5,70915.8,72993.4,76651.8,61666.4;
SERIES<FREQ A PER 2006 TO 2020>!
A456D1D4TOCQR.a=24891.0,32759.0,46249.9,41671.7,41728.5,37806.0,47471.0,43534.0,39693.0,31112.4,30914.1,30798.7,44077.8,47705.5,29995.3;
SERIES<FREQ A PER 2006 TO 2020>!
A456D5D7TOCQR.a=62843.5,63869.2,86293.9,103772.2,104703.3,110326.9,114409.0,134859.9,145252.5,167651.1,158697.7,143442.2,153998.4,137207.5,146021.0;
SERIES<FREQ A PER 2005 TO 2020>!
A456P3P51CQR.a=824494.4,967122.3,1124960.0,1313543.3,1363280.6,1523511.4,1738615.8,1951489.5,2129711.8,2363266.5,2457378.7,2291926.3,2326854.5,2463134.7,2524019.7,2474741.8;
SERIES<FREQ A PER 2010 TO 2020>!
A456P3P51VQR.a=1523511.4,1676617.2,1818016.3,1930441.0,2090193.3,2157663.5,1960136.7,2008753.0,2044161.1,2088479.0,1968826.6;
SERIES<FREQ A PER 2005 TO 2020>!
A456P3P5CQR.a=835110.4,992007.4,1168941.5,1401105.3,1459164.6,1652172.4,1848720.0,2069104.8,2208390.2,2464469.5,2563375.0,2408196.4,2439631.7,2554480.2,2722679.1,2570757.2;
SERIES<FREQ A PER 2010 TO 2020>!
A456P3P5VQR.a=1652171.4,1786097.7,1920111.1,2007220.4,2165153.2,2248544.5,2054837.1,2074709.3,2071645.9,2207796.0,2038492.4;
SERIES<FREQ A PER 2005 TO 2020>!
A456P3P6CQR.a=1537274.4,1836529.4,2103261.5,2611806.3,2216875.6,2634038.4,3259561.0,3566928.3,3662055.0,3793999.9,3380914.0,3161421.7,3339606.7,3735417.4,3794653.8,3262367.8;
SERIES<FREQ A PER 2010 TO 2020>!
A456P3P6VQR.a=2634038.4,2867783.9,3038439.9,3127545.6,3264697.1,3355646.6,3250483.1,3233561.4,3313468.8,3387566.7,3091062.1;
SERIES<FREQ A PER 2006 TO 2020>!
A456P3S1CQR.a=678441.9,756272.8,869044.6,948827.6,1039590.4,1169823.2,1336583.6,1467256.7,1649013.2,1724946.1,1660088.7,1694622.2,1844341.2,1866989.7,1877823.8;
SERIES<FREQ A PER 2006 TO 2020>!
A456P5S1CQR.a=313565.5,412668.7,532060.7,510337.0,612582.0,678896.9,732521.2,741133.5,815456.4,838428.9,748107.6,745009.5,710139.0,855689.4,692933.4;
SERIES<FREQ A PER 2003 TO 2020>!
A922B1GEHCS.a=9934.8,10979.4,12692.0,16012.0,17879.9,21657.4,20828.4,22009.0,22810.4,24314.4,26089.0,25969.7,24099.4,24134.6,25932.8,28682.4,29192.7,28193.2;
SERIES<FREQ A PER 2003 TO 2020>!
A922B1GEHVS.a=16745.4,18021.0,19242.8,20883.5,22709.8,23914.3,22039.5,23020.5,23609.8,24517.0,24897.6,24821.9,24099.4,24094.3,24505.6,25189.9,25716.3,24982.4;
SERIES<FREQ A PER 2003 TO 2020>!
A922POPNCPES.a=144728.0,144134.0,143589.5,143095.8,142819.8,142743.8,142773.0,142845.0,142887.5,143137.5,143423.8,144920.5,146320.3,146634.8,146806.3,146827.3,146745.5,146598.5;
SERIES<FREQ A PER 1999 TO 2020>!
A944B6NS1CQR.a=8720495.0,10117182.0,11808288.0,13602758.0,15030423.0,16366721.0,17514805.0,18771582.0,19409061.0,20796920.0,20461725.0,21132620.0,21834915.0,22140168.0,23821844.0,25482205.0,27182878.0,28704583.0,30950419.0,34764059.0,38450153.0,38436779.0;
SERIES<FREQ A PER 1999 TO 2020>!
A944D1D4FRCQR.a=9390175.0,10696068.0,11921691.0,12967072.0,14604648.0,16923674.0,17728124.0,19901559.0,22261691.0,24129287.0,24726544.0,24685592.0,24507266.0,26092931.0,26808834.0,26206436.0,26924946.0,30312894.0,30392876.0,32401685.0,35729425.0,36526498.0;
SERIES<FREQ A PER 1999 TO 2020>!
A944D1D4NFCQR.a=-754674.0,-773906.0,-893714.0,-991271.0,-1070715.0,-1370317.0,-1571860.0,-1723107.0,-2167902.0,-2027146.0,-1487699.0,-1547137.0,-1762963.0,-1620384.0,-1310677.0,-1864628.0,-2027779.0,-1348352.0,-1974511.0,-2050412.0,-1695653.0,-1277082.0;
SERIES<FREQ A PER 1999 TO 2020>!
A944D1D4TOCQR.a=10144849.0,11469974.0,12815405.0,13958343.0,15675363.0,18293991.0,19299984.0,21624666.0,24429593.0,26156433.0,26214243.0,26232729.0,26270229.0,27713315.0,28119511.0,28071064.0,28952725.0,31661246.0,32367387.0,34452097.0,37425078.0,37803580.0;
SERIES<FREQ A PER 1999 TO 2020>!
A944D5D7FRCQR.a=6522987.0,7515195.0,8658251.0,10093216.0,11158612.0,12145227.0,13265531.0,14538816.0,15752574.0,16712728.0,16299296.0,15721356.0,15575158.0,16025274.0,16665167.0,17543007.0,18342691.0,19325213.0,20153826.0,21645775.0,22976786.0,23777950.0;
SERIES<FREQ A PER 1999 TO 2020>!
A944D5D7NFCQR.a=92744.0,105620.0,98568.0,105633.0,107395.0,-84659.0,-78999.0,-165998.0,-213548.0,-216671.0,-108779.0,-132434.0,-204850.0,-281714.0,-210499.0,-277381.0,-389455.0,-554162.0,-388439.0,-154943.0,-290585.0,-268442.0;
SERIES<FREQ A PER 1999 TO 2020>!
A944D5D7TOCQR.a=6430243.0,7409575.0,8559683.0,9987583.0,11051217.0,12229886.0,13344530.0,14704814.0,15966122.0,16929399.0,16408075.0,15853790.0,15780008.0,16306988.0,16875666.0,17820388.0,18732146.0,19879375.0,20542265.0,21800718.0,23267371.0,24046392.0;
SERIES<FREQ A PER 1999 TO 2020>!
A944D9FRCQR.a=469847.0,520567.0,634811.0,852845.0,507869.0,471603.0,598598.0,765560.0,789216.0,714565.0,908431.0,1054960.0,1713113.0,1445814.0,1658164.0,1890475.0,3216352.0,1190258.0,1461237.0,1516002.0,1905724.0,3426829.0;
SERIES<FREQ A PER 1999 TO 2020>!
A944D9NFCQR.a=-3830.0,69258.0,91508.0,49445.0,-1882.0,41166.0,150750.0,154339.0,203456.0,234072.0,455017.0,558338.0,681456.0,729916.0,1146807.0,1219871.0,1630967.0,94429.0,346285.0,651053.0,840438.0,988649.0;
SERIES<FREQ A PER 1999 TO 2020>!
A944D9TOCQR.a=473677.0,451309.0,543303.0,803400.0,509751.0,430437.0,447848.0,611221.0,585760.0,480493.0,453414.0,496622.0,1031657.0,715898.0,511357.0,670604.0,1585385.0,1095829.0,1114952.0,864949.0,1065286.0,2438180.0;
SERIES<FREQ A PER 1999 TO 2020>!
A944RB1GS1CQR.a=0.0,0.0,0.0,0.0,0.0,0.0,0.0,0.0,0.0,0.0,0.0,0.0,0.0,0.0,0.0,0.0,0.0,0.0,0.0,0.0,0.0,0.0;
SERIES<FREQ A PER 1995 TO 2020>!
A964P41LNQ.a=577978.3,626418.2,670070.6,701717.1,755747.7,785230.4,802959.1,832813.9,843516.9,879507.9,898380.7,942029.9,991853.8,1052911.0,1092041.9,1120718.1,1147212.8,1151681.9,1158374.9,1189125.8,1232680.2,1278836.9,1335179.7,1393642.2,1454030.1,1424165.0;
SERIES<FREQ A PER 1995 TO 2020>!
A964P41LQS.a=577978.3,626418.2,670070.6,701717.1,755747.7,785230.4,802959.1,832813.9,843516.9,879507.9,898380.7,942029.9,991853.8,1052911.0,1092041.9,1120718.1,1147212.8,1151681.9,1158374.9,1189125.8,1232680.2,1278836.9,1335179.7,1393642.2,1454030.1,1424165.0;
SERIES<FREQ Q PER 1995Q1 TO 2020Q3>!
Q124P512CQR.q=1038.0,1184.0,1135.0,1472.0,1092.0,1234.0,1180.0,1562.0,1191.0,1372.0,1288.0,1725.0,1348.0,1519.0,1478.0,1931.0,1468.0,1650.0,1588.0,2007.0,1585.0,1751.0,1694.0,2198.0,1827.0,1952.0,1868.0,2294.0,1939.0,2043.0,1887.0,2539.0,2011.0,2160.0,2026.0,2577.0,2104.0,2320.0,2240.0,2742.0,2228.0,2473.0,2227.0,2778.0,2274.0,2433.0,2304.0,2960.0,2406.0,2619.0,2462.0,3263.0,2664.0,2935.0,2622.0,3332.0,3013.0,3204.0,2933.0,3672.0,3057.0,3312.0,3154.0,3936.0,3320.0,3681.0,3511.0,4282.0,3525.0,3794.0,3609.0,4236.0,3635.0,3895.0,3702.0,4410.0,3642.0,3862.0,5266.0,4531.0,6384.0,4224.0,4193.0,4975.0,4131.0,4464.0,4255.0,5330.0,4429.0,4858.0,4646.0,5831.0,4741.0,5149.0,5021.0,6172.0,5105.0,5386.0,5264.0,6430.0,5089.0,4406.0,4935.0;
SERIES<FREQ Q PER 1995Q1 TO 2020Q3>!
Q124P512CQS.q=1173.0,1199.0,1225.0,1234.0,1235.0,1250.0,1276.0,1307.0,1349.0,1391.0,1396.0,1441.0,1518.0,1542.0,1591.0,1626.0,1632.0,1672.0,1702.0,1706.0,1749.0,1786.0,1829.0,1863.0,2005.0,1991.0,2022.0,1923.0,2129.0,2095.0,2063.0,2121.0,2190.0,2199.0,2199.0,2185.0,2268.0,2355.0,2429.0,2354.0,2394.0,2494.0,2428.0,2389.0,2446.0,2461.0,2533.0,2531.0,2594.0,2638.0,2716.0,2801.0,2874.0,2936.0,2888.0,2854.0,3230.0,3211.0,3162.0,3218.0,3287.0,3320.0,3387.0,3465.0,3573.0,3700.0,3726.0,3796.0,3787.0,3815.0,3813.0,3749.0,3914.0,3921.0,3916.0,3892.0,3921.0,3891.0,5481.0,4008.0,6682.0,4255.0,4418.0,4420.0,4487.0,4534.0,4521.0,4638.0,4791.0,4941.0,4942.0,5090.0,5120.0,5242.0,5323.0,5398.0,5481.0,5479.0,5571.0,5654.0,5462.0,4505.0,5230.0;
SERIES<FREQ Q PER 1995Q1 TO 2020Q3>!
Q124P512LNQ.q=1446.0,1646.0,1574.0,1997.0,1482.0,1671.0,1592.0,2092.0,1588.0,1812.0,1696.0,2267.0,1763.0,1980.0,1914.0,2500.0,1888.0,2115.0,2022.0,2540.0,1997.0,2198.0,2109.0,2720.0,2255.0,2398.0,2293.0,2804.0,2355.0,2492.0,2303.0,3070.0,2512.0,2689.0,2520.0,3167.0,2655.0,2897.0,2810.0,3397.0,2776.0,3067.0,2737.0,3380.0,2792.0,2951.0,2769.0,3506.0,2845.0,3089.0,2886.0,3780.0,3065.0,3331.0,2966.0,3775.0,3376.0,3610.0,3280.0,4110.0,3399.0,3642.0,3436.0,4270.0,3569.0,3928.0,3699.0,4523.0,3684.0,3939.0,3692.0,4342.0,3711.0,3973.0,3723.0,4447.0,3696.0,3916.0,5282.0,4537.0,6437.0,4233.0,4155.0,4952.0,4183.0,4496.0,4199.0,5256.0,4403.0,4803.0,4533.0,5704.0,4691.0,5058.0,4844.0,5955.0,4934.0,5172.0,4977.0,6116.0,4851.0,4211.0,4635.0;
SERIES<FREQ Q PER 1995Q1 TO 2020Q3>!
Q124P512LQS.q=1625.0,1667.0,1693.0,1679.0,1675.0,1693.0,1722.0,1747.0,1797.0,1838.0,1837.0,1891.0,1986.0,2009.0,2061.0,2102.0,2100.0,2144.0,2167.0,2154.0,2205.0,2241.0,2278.0,2300.0,2474.0,2446.0,2482.0,2348.0,2586.0,2556.0,2517.0,2561.0,2736.0,2737.0,2736.0,2679.0,2860.0,2941.0,3047.0,2910.0,2982.0,3094.0,2985.0,2899.0,3002.0,2986.0,3045.0,2987.0,3069.0,3113.0,3182.0,3237.0,3307.0,3332.0,3269.0,3229.0,3613.0,3614.0,3545.0,3605.0,3646.0,3645.0,3696.0,3760.0,3815.0,3933.0,3953.0,4018.0,3930.0,3944.0,3929.0,3854.0,3968.0,3982.0,3968.0,3936.0,3950.0,3927.0,5529.0,4025.0,6705.0,4247.0,4413.0,4412.0,4507.0,4541.0,4499.0,4587.0,4727.0,4861.0,4861.0,4994.0,5027.0,5123.0,5175.0,5222.0,5258.0,5235.0,5311.0,5394.0,5169.0,4284.0,4953.0;
SERIES<FREQ Q PER 1995Q1 TO 2020Q3>!
Q124P51N1CQR.q=2910.0,3260.0,3141.0,3133.0,2709.0,2985.0,2871.0,3026.0,2893.0,3317.0,3182.0,3235.0,2863.0,3105.0,3005.0,3091.0,2962.0,3346.0,3197.0,3277.0,3098.0,3421.0,3271.0,3345.0,3093.0,3418.0,3310.0,3399.0,2997.0,3295.0,3148.0,3355.0,3116.0,3515.0,3392.0,3542.0,3433.0,3908.0,3850.0,4177.0,3950.0,4510.0,4504.0,4741.0,4645.0,5050.0,5042.0,5380.0,5033.0,5482.0,5417.0,5751.0,5635.0,5993.0,5665.0,5720.0,5351.0,5331.0,5130.0,5490.0,5213.0,5525.0,5600.0,5902.0,5379.0,5529.0,5325.0,5741.0,5461.0,5693.0,5602.0,5881.0,5402.0,5558.0,5477.0,5830.0,5612.0,5880.0,5840.0,6275.0,5840.0,5876.0,5786.0,6291.0,5838.0,6142.0,6087.0,6568.0,6224.0,6414.0,6260.0,6591.0,6360.0,6618.0,6701.0,7409.0,7096.0,7424.0,7206.0,7750.0,6922.0,6050.0,7056.0;
SERIES<FREQ Q PER 1995Q1 TO 2020Q3>!
Q124P51N1CQS.q=3115.0,3127.0,3123.0,3079.0,2924.0,2846.0,2854.0,2966.0,3099.0,3181.0,3169.0,3178.0,3052.0,2971.0,2991.0,3051.0,3180.0,3206.0,3190.0,3206.0,3302.0,3291.0,3273.0,3269.0,3320.0,3301.0,3318.0,3281.0,3219.0,3163.0,3162.0,3250.0,3325.0,3380.0,3405.0,3455.0,3642.0,3775.0,3880.0,4071.0,4149.0,4370.0,4529.0,4657.0,4846.0,4912.0,5093.0,5265.0,5230.0,5342.0,5466.0,5644.0,5843.0,5845.0,5720.0,5604.0,5493.0,5313.0,5227.0,5268.0,5360.0,5508.0,5707.0,5666.0,5528.0,5514.0,5420.0,5512.0,5612.0,5679.0,5698.0,5649.0,5553.0,5547.0,5576.0,5592.0,5768.0,5875.0,5948.0,6017.0,5997.0,5873.0,5894.0,6028.0,6003.0,6134.0,6208.0,6290.0,6389.0,6400.0,6378.0,6322.0,6535.0,6612.0,6837.0,7104.0,7284.0,7413.0,7342.0,7437.0,7109.0,6042.0,7186.0;
SERIES<FREQ Q PER 1995Q1 TO 2020Q3>!
Q124P51N1LNQ.q=4822.0,5356.0,5128.0,5202.0,4458.0,4907.0,4683.0,4919.0,4716.0,5388.0,5121.0,5193.0,4617.0,4997.0,4790.0,4904.0,4686.0,5278.0,5024.0,5102.0,4756.0,5218.0,4991.0,5085.0,4654.0,5096.0,4886.0,5002.0,4399.0,4823.0,4565.0,4829.0,4462.0,5013.0,4814.0,4966.0,4714.0,5295.0,5168.0,5574.0,5215.0,5884.0,5770.0,6003.0,5848.0,6260.0,6084.0,6416.0,5982.0,6483.0,6340.0,6588.0,6218.0,6493.0,6112.0,6182.0,5808.0,5770.0,5440.0,5843.0,5618.0,5868.0,5836.0,6184.0,5681.0,5805.0,5481.0,5921.0,5649.0,5820.0,5587.0,5876.0,5473.0,5617.0,5415.0,5784.0,5661.0,5920.0,5757.0,6223.0,5907.0,5911.0,5719.0,6256.0,5934.0,6205.0,5929.0,6421.0,6166.0,6278.0,5948.0,6297.0,6128.0,6287.0,6145.0,6769.0,6561.0,6762.0,6349.0,6877.0,6254.0,5448.0,6152.0;
SERIES<FREQ Q PER 1995Q1 TO 2020Q3>!
Q124P51N1LQS.q=5177.0,5110.0,5078.0,5143.0,4811.0,4679.0,4657.0,4821.0,5053.0,5167.0,5099.0,5098.0,4921.0,4780.0,4768.0,4839.0,5031.0,5057.0,5013.0,4989.0,5069.0,5019.0,4995.0,4968.0,4996.0,4921.0,4897.0,4824.0,4725.0,4629.0,4585.0,4677.0,4761.0,4820.0,4831.0,4842.0,5001.0,5116.0,5210.0,5425.0,5477.0,5701.0,5801.0,5892.0,6101.0,6089.0,6146.0,6272.0,6216.0,6318.0,6398.0,6462.0,6447.0,6334.0,6172.0,6052.0,5900.0,5712.0,5609.0,5639.0,5715.0,5810.0,6014.0,5967.0,5775.0,5750.0,5647.0,5717.0,5743.0,5766.0,5750.0,5673.0,5566.0,5569.0,5576.0,5577.0,5757.0,5873.0,5932.0,5999.0,6002.0,5869.0,5895.0,6026.0,6008.0,6131.0,6153.0,6197.0,6238.0,6205.0,6166.0,6079.0,6201.0,6218.0,6371.0,6540.0,6632.0,6685.0,6582.0,6651.0,6323.0,5381.0,6372.0;
SERIES<FREQ Q PER 1995Q1 TO 2020Q3>!
Q124P51N2CQR.q=2229.0,2508.0,2423.0,3038.0,2380.0,2662.0,2562.0,3313.0,2399.0,2715.0,2573.0,3350.0,2555.0,2845.0,2782.0,3572.0,2583.0,2876.0,2802.0,3429.0,2618.0,2844.0,2764.0,3426.0,2761.0,2904.0,2796.0,3230.0,2576.0,2686.0,2527.0,3197.0,2651.0,2818.0,2694.0,3219.0,2916.0,3145.0,3081.0,3654.0,3016.0,3303.0,3017.0,3654.0,3119.0,3309.0,3152.0,3809.0,3415.0,3668.0,3473.0,4488.0,3788.0,4154.0,3752.0,4683.0,4062.0,4318.0,3982.0,4914.0,3899.0,4201.0,4022.0,4939.0,4495.0,4951.0,4764.0,5723.0,5116.0,5471.0,5237.0,6079.0,4861.0,5175.0,4954.0,5823.0,4838.0,5103.0,4912.0,5895.0,4824.0,5120.0,5115.0,5925.0,4978.0,5341.0,5127.0,6426.0,5148.0,5646.0,5459.0,6919.0,5642.0,6107.0,6013.0,7473.0,6356.0,6642.0,6592.0,8012.0,6338.0,5568.0,6160.0;
SERIES<FREQ Q PER 1995Q1 TO 2020Q3>!
Q124P51N2CQS.q=2480.0,2537.0,2586.0,2596.0,2663.0,2696.0,2752.0,2808.0,2680.0,2752.0,2762.0,2843.0,2842.0,2885.0,2972.0,3055.0,2823.0,2912.0,2968.0,2988.0,2834.0,2892.0,2942.0,2985.0,2984.0,2956.0,2990.0,2762.0,2784.0,2747.0,2720.0,2735.0,2843.0,2863.0,2881.0,2795.0,3119.0,3190.0,3317.0,3169.0,3207.0,3330.0,3259.0,3195.0,3325.0,3345.0,3433.0,3286.0,3652.0,3694.0,3798.0,3899.0,4055.0,4155.0,4094.0,4072.0,4335.0,4327.0,4268.0,4345.0,4171.0,4212.0,4293.0,4386.0,4812.0,4978.0,5026.0,5116.0,5467.0,5505.0,5503.0,5428.0,5209.0,5213.0,5212.0,5179.0,5170.0,5146.0,5155.0,5277.0,5146.0,5165.0,5342.0,5331.0,5416.0,5453.0,5433.0,5570.0,5585.0,5789.0,5800.0,5997.0,6116.0,6278.0,6364.0,6478.0,6839.0,6807.0,6961.0,6993.0,6816.0,5752.0,6520.0;
SERIES<FREQ Q PER 1995Q1 TO 2020Q3>!
Q124P51N2LNQ.q=3054.0,3447.0,3315.0,4101.0,3269.0,3656.0,3504.0,4490.0,3277.0,3660.0,3454.0,4488.0,3408.0,3777.0,3663.0,4717.0,3345.0,3716.0,3589.0,4352.0,3341.0,3621.0,3487.0,4304.0,3512.0,3674.0,3531.0,4026.0,3253.0,3403.0,3203.0,4002.0,3263.0,3453.0,3309.0,3846.0,3536.0,3753.0,3706.0,4307.0,3592.0,3913.0,3533.0,4225.0,3562.0,3726.0,3510.0,4159.0,3719.0,3991.0,3753.0,4783.0,4026.0,4342.0,3912.0,4897.0,4390.0,4699.0,4291.0,5308.0,4135.0,4404.0,4167.0,5097.0,4549.0,4971.0,4717.0,5682.0,5118.0,5436.0,5125.0,5961.0,4861.0,5168.0,4873.0,5743.0,4840.0,5101.0,4831.0,5817.0,4875.0,5141.0,5069.0,5899.0,5030.0,5366.0,5042.0,6316.0,5015.0,5467.0,5210.0,6621.0,5348.0,5745.0,5548.0,6894.0,5906.0,6130.0,5983.0,7318.0,5835.0,5139.0,5579.0;
SERIES<FREQ Q PER 1995Q1 TO 2020Q3>!
Q124P51N2LQS.q=3395.0,3488.0,3540.0,3494.0,3658.0,3702.0,3763.0,3796.0,3657.0,3709.0,3708.0,3805.0,3790.0,3830.0,3915.0,4030.0,3654.0,3762.0,3799.0,3787.0,3619.0,3683.0,3713.0,3739.0,3794.0,3739.0,3775.0,3435.0,3516.0,3480.0,3448.0,3416.0,3496.0,3508.0,3537.0,3330.0,3779.0,3807.0,3989.0,3727.0,3818.0,3945.0,3816.0,3684.0,3795.0,3766.0,3824.0,3572.0,3978.0,4020.0,4104.0,4145.0,4310.0,4343.0,4270.0,4254.0,4673.0,4700.0,4616.0,4699.0,4408.0,4407.0,4461.0,4528.0,4834.0,4977.0,5015.0,5092.0,5428.0,5445.0,5427.0,5341.0,5169.0,5181.0,5169.0,5126.0,5130.0,5116.0,5117.0,5225.0,5155.0,5160.0,5342.0,5326.0,5425.0,5447.0,5390.0,5492.0,5395.0,5576.0,5584.0,5757.0,5748.0,5871.0,5921.0,5995.0,6303.0,6249.0,6376.0,6410.0,6225.0,5279.0,5958.0;
SERIES<FREQ Q PER 1995Q1 TO 2020Q3>!
Q124P51N31CQR.q=899.0,1024.0,983.0,1268.0,882.0,996.0,953.0,1261.0,860.0,990.0,930.0,1244.0,881.0,994.0,967.0,1266.0,1146.0,1291.0,1239.0,1576.0,1334.0,1474.0,1425.0,1850.0,1398.0,1493.0,1429.0,1751.0,1310.0,1379.0,1276.0,1709.0,1295.0,1391.0,1305.0,1657.0,1718.0,1878.0,1824.0,2206.0,1853.0,2056.0,1852.0,2309.0,1707.0,1821.0,1728.0,2169.0,1846.0,2005.0,1888.0,2492.0,1908.0,2106.0,1871.0,2399.0,1681.0,1787.0,1644.0,2039.0,1639.0,1769.0,1691.0,2087.0,1800.0,1987.0,1906.0,2303.0,1569.0,1685.0,1606.0,1878.0,1622.0,1735.0,1652.0,1962.0,1525.0,1877.0,1786.0,2139.0,2008.0,2144.0,2143.0,2524.0,2656.0,2285.0,4185.0,2620.0,2499.0,2647.0,2443.0,3056.0,2353.0,2373.0,2154.0,3114.0,2376.0,2552.0,2509.0,2759.0,2406.0,2011.0,2353.0;
SERIES<FREQ Q PER 1995Q1 TO 2020Q3>!
Q124P51N31CQS.q=1014.0,1036.0,1058.0,1065.0,997.0,1009.0,1031.0,1055.0,974.0,1004.0,1007.0,1040.0,994.0,1009.0,1042.0,1064.0,1279.0,1309.0,1331.0,1334.0,1472.0,1503.0,1540.0,1568.0,1533.0,1522.0,1546.0,1469.0,1437.0,1414.0,1393.0,1430.0,1410.0,1416.0,1416.0,1406.0,1846.0,1906.0,1972.0,1901.0,1991.0,2074.0,2019.0,1986.0,1830.0,1841.0,1893.0,1861.0,1988.0,2020.0,2079.0,2143.0,2066.0,2107.0,2071.0,2040.0,1797.0,1791.0,1766.0,1797.0,1756.0,1774.0,1809.0,1848.0,1931.0,1998.0,2015.0,2052.0,1682.0,1694.0,1693.0,1667.0,1744.0,1747.0,1745.0,1734.0,1634.0,1890.0,1868.0,1935.0,2153.0,2160.0,2251.0,2255.0,2830.0,2316.0,4318.0,2283.0,2687.0,2683.0,2600.0,2674.0,2537.0,2419.0,2301.0,2738.0,2555.0,2595.0,2656.0,2390.0,2584.0,2057.0,2494.0;
SERIES<FREQ Q PER 1995Q1 TO 2020Q3>!
Q124P51N31LNQ.q=1178.0,1341.0,1282.0,1626.0,1134.0,1279.0,1219.0,1602.0,1081.0,1231.0,1153.0,1539.0,1086.0,1221.0,1180.0,1544.0,1386.0,1555.0,1484.0,1876.0,1571.0,1729.0,1659.0,2142.0,1640.0,1743.0,1667.0,2034.0,1545.0,1634.0,1512.0,2007.0,1478.0,1581.0,1484.0,1856.0,1939.0,2087.0,2042.0,2421.0,2111.0,2334.0,2082.0,2575.0,1909.0,2009.0,1889.0,2328.0,2003.0,2171.0,2030.0,2648.0,2056.0,2242.0,1985.0,2546.0,1755.0,1878.0,1712.0,2128.0,1740.0,1857.0,1755.0,2158.0,1879.0,2059.0,1949.0,2360.0,1611.0,1718.0,1614.0,1891.0,1652.0,1766.0,1657.0,1973.0,1557.0,1912.0,1795.0,2155.0,2027.0,2151.0,2126.0,2515.0,2679.0,2298.0,4156.0,2581.0,2506.0,2641.0,2407.0,3019.0,2359.0,2363.0,2102.0,3047.0,2354.0,2511.0,2431.0,2685.0,2396.0,1972.0,2289.0;
SERIES<FREQ Q PER 1995Q1 TO 2020Q3>!
Q124P51N31LQS.q=1323.0,1357.0,1378.0,1368.0,1282.0,1296.0,1318.0,1337.0,1222.0,1249.0,1248.0,1284.0,1224.0,1239.0,1271.0,1295.0,1546.0,1577.0,1594.0,1584.0,1735.0,1763.0,1793.0,1810.0,1798.0,1778.0,1804.0,1704.0,1695.0,1675.0,1651.0,1677.0,1608.0,1609.0,1609.0,1572.0,2080.0,2118.0,2206.0,2085.0,2270.0,2355.0,2272.0,2207.0,2045.0,2032.0,2069.0,1989.0,2158.0,2187.0,2236.0,2271.0,2226.0,2243.0,2198.0,2162.0,1872.0,1879.0,1845.0,1877.0,1858.0,1858.0,1882.0,1911.0,2002.0,2062.0,2076.0,2108.0,1715.0,1721.0,1715.0,1684.0,1764.0,1770.0,1764.0,1750.0,1655.0,1917.0,1892.0,1955.0,2157.0,2158.0,2251.0,2254.0,2837.0,2317.0,4304.0,2255.0,2677.0,2665.0,2582.0,2649.0,2525.0,2396.0,2265.0,2686.0,2512.0,2541.0,2594.0,2334.0,2552.0,2007.0,2446.0;
SERIES<FREQ Q PER 1995Q1 TO 2020Q3>!
Q124P51N3CQR.q=3615.0,4185.0,3979.0,5333.0,3743.0,4294.0,4063.0,5587.0,4098.0,4824.0,4480.0,6210.0,4322.0,4947.0,4784.0,6381.0,4862.0,5507.0,5249.0,6807.0,5534.0,6178.0,5956.0,7939.0,5927.0,6404.0,6102.0,7812.0,5533.0,5872.0,5357.0,7508.0,5396.0,5839.0,5403.0,7169.0,5700.0,6442.0,6120.0,7758.0,6399.0,7185.0,6387.0,8182.0,6448.0,6964.0,6552.0,8975.0,7124.0,7876.0,7347.0,10020.0,7734.0,8567.0,7548.0,9813.0,6427.0,6838.0,6202.0,7909.0,6183.0,6743.0,6382.0,8113.0,6612.0,7383.0,6978.0,8645.0,6644.0,7214.0,6801.0,8104.0,6500.0,7033.0,6612.0,8037.0,6740.0,7446.0,7060.0,8811.0,6982.0,7565.0,7485.0,9035.0,8006.0,8137.0,9699.0,9519.0,8042.0,8731.0,8176.0,10158.0,8204.0,8754.0,8302.0,10570.0,8283.0,8870.0,8549.0,10190.0,8292.0,6998.0,8041.0;
SERIES<FREQ Q PER 1995Q1 TO 2020Q3>!
Q124P51N3CQS.q=4150.0,4239.0,4338.0,4385.0,4305.0,4354.0,4449.0,4579.0,4720.0,4897.0,4907.0,5087.0,4942.0,5025.0,5199.0,5269.0,5483.0,5589.0,5679.0,5675.0,6181.0,6310.0,6491.0,6626.0,6574.0,6540.0,6664.0,6466.0,6141.0,6034.0,5917.0,6179.0,5941.0,5951.0,5928.0,5988.0,6199.0,6544.0,6691.0,6586.0,6941.0,7251.0,7026.0,6935.0,7007.0,7051.0,7277.0,7603.0,7758.0,7940.0,8185.0,8485.0,8424.0,8572.0,8419.0,8248.0,6931.0,6855.0,6737.0,6852.0,6689.0,6759.0,6901.0,7071.0,7157.0,7417.0,7448.0,7596.0,7187.0,7247.0,7239.0,7090.0,7049.0,7071.0,7052.0,7010.0,7304.0,7493.0,7515.0,7744.0,7556.0,7613.0,7938.0,7960.0,8626.0,8207.0,10203.0,8325.0,8662.0,8804.0,8707.0,8934.0,8826.0,8840.0,8832.0,9332.0,8877.0,8954.0,9067.0,8994.0,8884.0,7075.0,8534.0;
SERIES<FREQ Q PER 1995Q1 TO 2020Q3>!
Q124P51N3LNQ.q=4326.0,4995.0,4726.0,6247.0,4392.0,5026.0,4740.0,6488.0,4785.0,5606.0,5190.0,7179.0,5003.0,5707.0,5495.0,7306.0,5569.0,6280.0,5956.0,7687.0,6197.0,6883.0,6591.0,8729.0,6592.0,7092.0,6754.0,8657.0,6255.0,6672.0,6086.0,8472.0,5986.0,6454.0,5963.0,7869.0,6339.0,7123.0,6782.0,8532.0,7086.0,7928.0,7001.0,8895.0,7016.0,7506.0,7013.0,9528.0,7615.0,8382.0,7767.0,10498.0,8079.0,8860.0,7776.0,10098.0,6684.0,7140.0,6444.0,8212.0,6482.0,6992.0,6575.0,8323.0,6832.0,7577.0,7078.0,8788.0,6802.0,7335.0,6826.0,8145.0,6622.0,7163.0,6649.0,8103.0,6879.0,7595.0,7101.0,8880.0,7046.0,7582.0,7431.0,9008.0,8080.0,8175.0,9590.0,9376.0,7989.0,8629.0,7986.0,9947.0,8130.0,8617.0,8031.0,10233.0,8154.0,8677.0,8243.0,9880.0,8196.0,6902.0,7825.0;
SERIES<FREQ Q PER 1995Q1 TO 2020Q3>!
Q124P51N3LQS.q=4942.0,5060.0,5144.0,5147.0,5053.0,5096.0,5189.0,5307.0,5510.0,5691.0,5685.0,5873.0,5721.0,5798.0,5972.0,6021.0,6280.0,6373.0,6445.0,6395.0,6921.0,7030.0,7183.0,7265.0,7311.0,7243.0,7377.0,7164.0,6942.0,6856.0,6723.0,6964.0,6589.0,6578.0,6540.0,6564.0,6891.0,7235.0,7413.0,7238.0,7687.0,8001.0,7703.0,7519.0,7622.0,7600.0,7788.0,8052.0,8292.0,8450.0,8652.0,8869.0,8798.0,8865.0,8673.0,8478.0,7204.0,7155.0,7007.0,7115.0,7004.0,7001.0,7113.0,7254.0,7349.0,7585.0,7604.0,7737.0,7313.0,7342.0,7312.0,7141.0,7138.0,7177.0,7138.0,7084.0,7409.0,7613.0,7611.0,7822.0,7574.0,7605.0,7934.0,7955.0,8648.0,8205.0,10149.0,8220.0,8549.0,8664.0,8568.0,8770.0,8687.0,8661.0,8607.0,9056.0,8680.0,8720.0,8809.0,8744.0,8723.0,6946.0,8367.0;
SERIES<FREQ Q PER 1995Q1 TO 2020Q3>!
Q124P51N4CQR.q=22.0,26.0,25.0,34.0,28.0,32.0,30.0,42.0,26.0,30.0,28.0,40.0,29.0,33.0,32.0,43.0,22.0,25.0,24.0,31.0,17.0,19.0,19.0,25.0,20.0,22.0,21.0,27.0,22.0,23.0,21.0,30.0,23.0,25.0,23.0,31.0,25.0,28.0,27.0,35.0,30.0,34.0,30.0,39.0,39.0,42.0,40.0,56.0,43.0,48.0,44.0,61.0,53.0,59.0,52.0,68.0,40.0,42.0,38.0,49.0,35.0,38.0,36.0,47.0,43.0,48.0,45.0,57.0,47.0,52.0,49.0,58.0,48.0,52.0,49.0,60.0,45.0,48.0,45.0,58.0,15.0,17.0,16.0,20.0,15.0,16.0,15.0,19.0,15.0,17.0,16.0,20.0,18.0,19.0,19.0,23.0,20.0,21.0,20.0,25.0,20.0,17.0,19.0;
SERIES<FREQ Q PER 1995Q1 TO 2020Q3>!
Q124P51N4CQS.q=26.0,26.0,27.0,27.0,32.0,33.0,33.0,34.0,30.0,31.0,31.0,32.0,33.0,34.0,35.0,35.0,25.0,25.0,26.0,26.0,19.0,20.0,20.0,21.0,22.0,22.0,23.0,22.0,24.0,24.0,23.0,25.0,26.0,26.0,25.0,26.0,27.0,29.0,29.0,29.0,32.0,34.0,33.0,32.0,43.0,43.0,44.0,48.0,47.0,48.0,50.0,52.0,58.0,59.0,58.0,56.0,43.0,42.0,41.0,42.0,38.0,38.0,39.0,40.0,47.0,48.0,48.0,49.0,51.0,52.0,52.0,51.0,52.0,53.0,53.0,52.0,49.0,48.0,49.0,50.0,17.0,17.0,18.0,18.0,16.0,17.0,16.0,17.0,17.0,17.0,17.0,17.0,19.0,20.0,20.0,20.0,21.0,21.0,21.0,22.0,21.0,17.0,20.0;
SERIES<FREQ Q PER 1995Q1 TO 2020Q3>!
Q124P51N4LNQ.q=22.0,25.0,24.0,32.0,27.0,31.0,29.0,40.0,23.0,27.0,25.0,35.0,29.0,33.0,32.0,43.0,25.0,28.0,27.0,35.0,18.0,20.0,19.0,25.0,20.0,22.0,20.0,27.0,23.0,25.0,22.0,32.0,23.0,25.0,23.0,31.0,23.0,26.0,24.0,32.0,30.0,33.0,29.0,38.0,37.0,40.0,38.0,53.0,42.0,47.0,43.0,60.0,49.0,54.0,47.0,61.0,38.0,41.0,37.0,47.0,36.0,39.0,37.0,47.0,42.0,46.0,43.0,54.0,43.0,46.0,43.0,51.0,43.0,47.0,43.0,53.0,43.0,46.0,43.0,54.0,15.0,17.0,16.0,20.0,16.0,17.0,16.0,20.0,16.0,18.0,17.0,21.0,18.0,20.0,19.0,23.0,20.0,21.0,20.0,25.0,19.0,17.0,19.0;
SERIES<FREQ Q PER 1995Q1 TO 2020Q3>!
Q124P51N4LQS.q=25.0,26.0,26.0,26.0,31.0,31.0,32.0,32.0,26.0,27.0,27.0,28.0,33.0,34.0,35.0,35.0,28.0,28.0,29.0,29.0,20.0,20.0,20.0,21.0,22.0,22.0,22.0,22.0,26.0,26.0,25.0,26.0,26.0,25.0,25.0,26.0,25.0,26.0,27.0,27.0,32.0,34.0,32.0,32.0,41.0,41.0,42.0,45.0,46.0,47.0,49.0,50.0,53.0,54.0,53.0,51.0,41.0,41.0,40.0,41.0,39.0,39.0,40.0,41.0,45.0,46.0,46.0,47.0,46.0,46.0,46.0,45.0,47.0,47.0,46.0,46.0,46.0,46.0,46.0,47.0,17.0,17.0,18.0,18.0,17.0,17.0,17.0,17.0,18.0,18.0,18.0,18.0,20.0,20.0,20.0,20.0,21.0,21.0,21.0,22.0,21.0,17.0,20.0;
SERIES<FREQ Q PER 1999Q1 TO 2020Q4>!
Q178D1D4FRCQS.q=19624.2,20922.6,21179.4,21826.5,22503.3,23159.8,24008.9,23691.1,25215.5,25542.0,25602.1,25741.8,26681.1,27286.5,28052.0,29200.3,27932.9,28483.7,28780.4,30065.9,30052.9,31754.9,32221.1,32765.3,34263.6,35543.1,38231.6,39329.4,43718.3,44780.6,47218.9,50272.5,52759.9,54631.0,56114.8,57620.8,56004.9,56454.2,55969.2,54717.7,43542.7,41165.6,38825.6,38416.8,39266.0,39474.7,41305.6,40196.7,38720.4,39299.1,40038.3,41421.7,41225.3,41164.9,41020.8,40091.8,40777.1,40807.3,40799.4,40865.8,41944.1,43155.1,44420.0,44820.6,44187.3,43596.8,43701.6,45110.8,46964.8,47955.5,45903.6,50116.8,50616.6,51408.2,52030.4,53201.1,50441.5,55367.1,56805.3,53391.5,60161.6,61965.5,63135.9,62146.9,61042.8,54972.5,56829.7,57699.3;
SERIES<FREQ Q PER 1999Q1 TO 2020Q4>!
Q178D1D4TOCQS.q=22376.5,24024.4,24909.4,25743.4,26077.2,26343.8,28108.7,28470.9,29401.7,30394.1,30564.0,31121.1,32602.7,33286.9,33619.2,35680.0,33697.1,33703.0,33896.1,35975.7,35733.5,37280.9,37922.4,39127.7,40336.7,42123.7,44095.8,45953.6,49763.4,50291.3,54190.2,56497.8,59928.8,61672.7,62393.1,65807.0,62073.9,62570.5,63269.3,62383.0,50530.9,48538.6,46490.6,45919.2,47366.1,46969.3,48164.1,46406.0,47176.2,47625.1,48140.2,50526.9,50611.1,49625.6,49760.5,49042.7,48344.4,48775.8,48016.5,47518.4,50116.7,51121.0,52294.3,52361.2,61046.4,54745.0,61618.8,61512.0,58851.4,59199.3,60497.9,64068.7,66488.6,67780.3,66052.0,69806.7,67886.5,71615.3,73619.2,74321.5,79976.5,83271.2,83291.6,83271.1,80709.1,74973.8,85782.7,79566.8;
SERIES<FREQ Q PER 1999Q1 TO 2020Q4>!
Q178D9FRCQS.q=682.7,714.0,851.2,677.9,752.7,735.7,618.2,646.5,704.0,561.5,653.2,669.5,594.0,722.4,689.9,771.9,738.0,741.6,740.3,814.9,708.3,738.0,833.2,943.7,844.0,884.9,878.8,868.9,1067.2,943.1,982.3,962.3,1198.1,1159.5,1281.5,1237.0,1159.5,1262.2,1363.1,1663.5,413.9,3960.7,1880.7,1038.0,10458.0,3067.6,9220.7,14449.3,558.5,367.5,7309.4,751.9,361.0,877.9,454.3,379.0,408.8,377.6,398.7,312.3,415.4,416.1,414.9,570.6,585.0,465.3,520.6,1909.7,507.1,689.4,1127.1,644.9,542.2,609.0,516.6,726.4,688.4,1054.6,647.6,760.3,784.6,747.5,722.0,793.1,834.5,771.8,860.6,775.7;
SERIES<FREQ Q PER 1999Q1 TO 2020Q4>!
Q178D9TOCQS.q=590.5,600.3,655.9,558.3,510.3,450.6,489.3,441.7,430.6,458.1,493.4,569.0,553.2,565.8,532.0,524.1,637.4,622.1,639.1,657.3,622.6,639.9,669.9,809.4,714.3,785.5,805.5,823.8,888.9,911.7,943.4,841.2,1096.3,1194.4,1243.5,1139.7,1117.0,1287.5,1409.2,1435.2,319.7,3904.2,1992.6,767.8,11535.5,3055.7,9389.4,13539.5,383.1,548.8,7456.5,239.5,181.2,916.1,591.5,204.2,288.5,443.5,502.2,142.4,342.0,450.6,430.1,497.5,534.9,474.4,593.7,2432.6,503.9,592.7,559.4,606.0,566.0,590.9,612.4,724.6,659.5,975.6,712.6,724.8,744.3,751.7,756.9,810.7,781.1,773.0,854.6,684.8;
SERIES<FREQ Q PER 2008Q1 TO 2021Q1>!
Q199B1GEHCS.q=11563.3,11730.4,11807.8,11742.3,11523.5,11429.5,11423.2,11491.1,11602.0,11698.0,11842.1,12028.8,12219.6,12311.4,12301.8,12232.0,12118.8,12116.2,12133.3,12242.2,12409.5,12589.0,12662.1,12802.1,12652.8,12637.4,12679.0,12775.7,12780.5,12739.7,12744.7,12730.7,12666.8,12819.8,12840.0,12854.6,12841.0,12903.6,12992.3,13127.5,13044.5,13087.4,13175.1,13235.3,13129.2,13296.8,13306.8,13307.3,13318.6,11046.7,12667.1,12882.0,13128.8;
SERIES<FREQ Q PER 2008Q1 TO 2021Q1>!
Q199B1GEHVS.q=12328.9,12438.3,12426.4,12314.9,12083.4,12002.1,11989.7,12029.6,12126.3,12168.6,12262.6,12352.6,12428.7,12458.5,12453.7,12506.8,12515.1,12585.2,12580.3,12592.9,12602.8,12693.7,12708.8,12829.3,12736.4,12724.6,12762.2,12857.4,12868.7,12749.4,12704.7,12674.9,12601.1,12657.5,12643.1,12611.0,12561.5,12611.6,12657.6,12725.0,12598.1,12541.9,12582.9,12586.2,12445.8,12507.9,12442.2,12358.6,12265.7,10194.3,11557.6,11686.7,11782.6;
SERIES<FREQ Q PER 2008Q1 TO 2021Q1>!
Q199POPNCPES.q=49315.3,49478.6,49644.2,49808.5,49973.2,50139.1,50307.4,50474.6,50642.1,50810.6,50981.5,51151.4,51321.6,51493.0,51666.6,51839.2,52012.3,52186.7,52363.4,52538.8,52714.8,52892.2,53072.0,53250.4,53429.7,53609.8,53792.6,53974.1,54156.2,54339.5,54525.3,54709.9,54895.1,55081.9,55267.6,55449.4,55632.2,55816.0,55998.4,56175.5,56353.6,56532.0,56713.4,56891.8,57071.0,57251.3,57432.8,57611.7,57792.4,57973.9,58156.0,58336.5,58518.0;
SERIES<FREQ Q PER 2001Q1 TO 2020Q4>!
Q233B1GEHCS.q=7221.9,7247.6,7304.6,7351.0,7286.6,7520.2,7461.9,7452.7,7459.4,7540.7,7622.9,7735.3,7928.7,7962.1,8061.3,8316.8,8293.5,8426.7,8460.2,8655.5,8887.3,9101.9,9301.5,9457.9,9685.2,9861.3,10065.9,10202.2,10254.8,10344.3,10507.8,10328.4,10335.5,10400.3,10455.1,10541.7,10667.2,10818.2,10921.8,11193.7,11457.3,11683.8,11931.2,11981.4,12047.8,12166.8,12133.8,12275.5,12506.7,12790.7,12936.7,13137.2,13347.6,13408.9,13453.8,13433.3,13270.1,13287.1,13473.9,13464.1,13777.0,14048.0,14231.9,14349.7,14318.6,14409.3,14510.8,14675.7,14898.1,15150.3,15388.8,15586.8,15750.1,16030.7,16179.6,16340.8,15904.9,13462.1,14825.8,15755.9;
SERIES<FREQ Q PER 2001Q1 TO 2020Q4>!
Q233B1GEHVS.q=8573.6,8567.4,8610.1,8635.6,8532.2,8798.4,8739.0,8735.0,8778.9,8899.5,8978.1,9063.8,9207.2,9177.4,9257.7,9523.7,9487.8,9618.2,9594.9,9745.2,9923.7,10067.6,10209.4,10340.5,10488.2,10613.8,10779.3,10881.5,10896.5,10933.7,11022.8,10798.5,10809.0,10891.2,10938.3,10994.4,11102.6,11205.2,11275.4,11481.4,11673.9,11831.2,12029.7,12104.1,12156.7,12273.4,12210.7,12296.2,12470.6,12706.5,12784.0,12901.8,13044.1,13077.9,13165.1,13266.1,13317.7,13356.4,13478.2,13351.1,13460.3,13482.4,13525.1,13546.8,13483.6,13538.9,13551.9,13574.8,13632.9,13684.0,13783.6,13836.6,13890.1,14010.2,14073.5,14162.1,13746.9,11708.5,12787.7,13532.2;
SERIES<FREQ Q PER 1991Q2 TO 2020Q4>!
Q238B1GEGPS.q=0.797469079,0.487210596,4.27608147,1.839778861,2.256459578,4.132871518,-1.148848763,3.172099812,0.890372716,2.153092908,1.102154893,-0.183099637,3.029308469,0.799078624,-0.378448001,3.475537727,-0.53473437,0.039618168,0.411389156,-0.038501476,-0.090387619,1.77696214,1.455017633,0.065637909,2.780431425,1.019184049,3.168151256,2.50802554,-0.016978003,0.530570055,2.593224067,-0.341204928,1.936420673,0.926641879,1.73159226,0.819944534,0.143522208,0.904416303,0.840317066,1.426722026,0.202986947,1.244046754,0.51504403,0.402249851,1.833196573,0.901511911,0.455258607,1.086375582,1.341172701,1.28755489,1.035522908,1.008666684,1.408220037,0.399314478,1.368317825,0.422093105,0.958044712,1.715695109,1.432487644,1.281647527,2.531046605,2.083364759,2.933879238,1.277521351,2.548180929,1.019380773,1.821739809,2.180668984,-0.120932544,0.65884504,-1.005713731,-2.675900702,1.629793036,1.289566047,1.607197347,1.077334146,1.24035426,1.652882174,0.729450523,0.314529334,2.466590751,0.337128666,1.356813212,2.251041817,0.220132479,0.555781261,1.184340563,0.314014605,-0.219516619,1.952916232,0.579116119,1.15193997,0.343398846,0.912896527,1.109470774,0.114916854,2.093092652,1.315599216,-0.348566989,2.081800861,-0.225238205,2.152926937,0.977286079,0.650868384,1.9882285,-0.19691219,1.259241249,0.415655844,0.895707657,-0.213476441,-1.092741785,1.563495701,1.310268085,0.342195546,0.476378656,-1.178102818,-7.975175037,1.896346888,3.623512299;
SERIES<FREQ Q PER 1992Q1 TO 2020Q4>!
Q238B1GEGYS.q=7.562916361,9.11983316,13.078684333,7.195801464,8.598192688,7.147383958,5.110293309,7.503827947,4.007758903,6.212785093,4.804960581,3.270131496,7.05534182,3.352028364,2.573332966,3.386572953,-0.124444998,0.321734661,2.063978026,3.124782731,3.232217609,6.198508932,5.407810313,7.187689398,9.803911033,6.815341209,6.298692109,5.706319294,2.768191631,4.776005011,5.188803063,4.305372219,5.52066011,3.66472061,3.641892068,2.733880649,3.352177025,3.413547048,3.76162289,3.426926817,2.382251346,4.047915581,3.695894523,3.63421716,4.340365026,3.836227357,4.233498377,4.835587097,4.754996039,4.824301961,3.905046073,4.247292743,3.641911941,3.181820724,4.534684048,4.600858291,5.4961805,7.139889946,7.527166322,9.118770624,9.114325167,9.132559645,7.995104036,6.828281079,7.780927904,4.975617033,4.600961588,1.696332776,-3.137216778,-1.439361996,-0.821788201,1.795977512,5.721667172,5.3165486,5.694309134,4.78125527,3.990497911,5.250044503,3.887730792,4.534763867,6.552745474,4.216703114,4.443809997,4.266084395,2.290884542,1.842151398,3.257159361,2.639536551,3.496887056,4.080768757,3.01904287,3.562263283,2.500529212,4.287837028,4.704007743,3.194135363,5.221514508,2.83214342,3.682004695,5.061484145,3.588783933,5.886863329,3.451131902,3.7399947,3.497563134,2.388873959,2.371880547,-0.00594614,1.137074434,1.55262659,2.118133312,3.738192883,0.937890727,-8.313422698,-6.893334007,-3.977035421;
SERIES<FREQ Q PER 1991Q2 TO 2020Q4>!
Q238P3145GPS.q=2.177640657,1.515590423,1.915301218,2.911680576,1.892084233,2.707329374,2.963203582,1.821318496,2.341779396,2.782972113,1.268754314,1.13273752,1.201616915,0.419845808,0.377529751,1.011538341,0.122020099,0.095460623,0.333084382,0.221054414,0.64765027,0.635551875,1.431267699,0.823716628,1.674952796,1.697818088,1.148696373,1.396005452,0.78040079,0.515885534,0.595474258,0.287089802,0.562301833,-0.023505127,0.499762218,0.035946727,-0.025449758,0.963906631,0.32804408,0.414984765,0.873333132,0.541334415,1.362819525,1.660122974,1.411242825,1.497536218,1.082450012,1.238709309,1.11957444,1.3911922,0.632353358,0.57459493,0.258787844,0.367289644,0.867010379,1.419728208,1.467666843,1.613395817,1.463915764,0.547703488,1.896608505,1.225785297,1.60869782,2.956976083,1.082730209,1.550832846,1.614248867,4.279583485,-0.562089336,-0.165115342,-0.702895128,-0.291892257,0.886978209,0.81033671,1.772116939,1.402865815,1.562390668,1.982008668,0.911223391,1.69040854,2.204909756,1.447363275,2.384222024,2.303658296,1.193219367,0.790008916,1.056212966,-0.425642972,0.430659187,1.25394855,0.448364853,2.143360798,0.706988117,0.884559501,1.415825426,0.849664323,1.721000797,0.917514535,0.890446132,0.792540419,0.589596067,1.603278889,1.184534434,1.500629857,1.896424896,0.806467442,0.707422999,0.444833568,-0.307267473,0.057558439,0.164232961,0.482694495,0.629617497,0.648480889,0.750234822,0.390641856,-10.826961573,3.699494487,3.609548535;
SERIES<FREQ Q PER 1992Q1 TO 2020Q4>!
Q238P3145GYS.q=8.790927162,8.486888549,9.760466826,10.889033895,9.714150762,10.19836819,10.27952799,8.46467512,7.731167512,6.530963294,4.081665356,3.165685523,3.042050025,1.94281987,1.613515037,1.568522396,0.77367969,1.302731006,1.849336402,2.964115667,3.583272812,4.640539002,5.74508016,5.450491241,6.049042253,5.116006329,3.894347574,3.32610841,2.196084223,1.974921584,1.42770141,1.331197543,1.077439771,0.486677378,1.479127923,1.305736399,1.689585693,2.603786953,2.174351216,3.228169325,4.50819081,5.065483476,6.064712353,5.771337407,5.332881446,5.029934055,4.919888968,4.45270509,3.767507266,2.884179979,1.845200433,2.082685601,2.94049144,4.181705312,5.475169215,6.099344515,5.187083628,5.631748651,5.228809879,5.378964181,7.904000972,7.042139858,7.385864384,7.391731047,8.771308262,7.001380072,5.193331639,2.794572612,-1.711802264,-0.27948901,0.694845536,3.204696735,4.95888701,5.661559855,6.889615337,5.985432709,6.285969976,6.958372073,6.397637866,7.950721556,8.601724484,7.52671428,6.829967198,5.444293103,2.63120462,1.857808237,2.326662986,1.711173179,4.335306491,4.622378823,4.240701253,5.244687418,3.911711099,4.957991944,4.992277609,4.448370695,4.389208389,3.228126181,3.929591824,4.232539014,4.964795187,6.328465247,5.494597097,4.997162594,3.904995829,1.657864523,0.902630341,0.358387404,0.396215746,1.339711859,1.938206482,2.534586816,2.44065443,-9.222109344,-6.470308458,-3.815915344;
SERIES<FREQ Q PER 1991Q2 TO 2020Q4>!
Q238P3S13GPS.q=0.536126439,0.346813725,0.367363453,1.019021392,0.819183863,1.150047186,1.719808869,1.064185451,1.90460909,1.175685524,0.608676444,0.832389474,-0.412429634,0.150160898,0.023914022,-0.418272043,0.103644195,-0.108932407,0.074936411,-0.069179221,0.546048911,0.678888672,1.007337672,1.465535401,0.897682319,0.792246791,0.415774529,0.550879297,0.125327964,0.596220996,0.283741848,0.546875202,0.608248339,0.22937972,0.72024054,0.303352384,0.710301873,0.779774564,0.703458693,1.773948482,0.809963482,0.954581466,0.801755707,0.185707334,0.561788335,0.39650789,0.593234185,0.273000716,0.663864782,0.71954575,0.219106166,0.414804154,-0.005490888,-0.123071339,0.206040005,0.18392736,0.2918766,0.82433661,0.803422202,0.701025126,1.162634692,0.653143301,0.712613216,0.525759527,0.340607554,0.798981232,0.667884811,1.73395324,1.334098261,1.556686973,2.105287039,1.018229294,1.968723204,1.26165881,1.397590226,1.061844982,0.823981265,0.782132646,0.418986345,-0.049351227,0.338310194,0.168056913,-0.413926129,0.834037569,-0.114647872,0.436675069,0.845011877,0.992763496,0.889604973,0.966239601,0.946526456,0.408215947,0.949790714,0.585711935,0.691158262,0.785939212,0.091212591,0.836888031,-0.0337821,1.007605835,0.483445892,0.4180546,1.033097844,-0.331732629,0.965248663,0.975503604,0.979705075,0.697611127,-0.268981598,-2.509111305,-2.975970931,10.619782191,-2.095820557,0.59455864,0.049616431,-1.135177096,1.804740097,0.286717704,2.127187296;
SERIES<FREQ Q PER 1992Q1 TO 2020Q4>!
Q238P3S13GYS.q=2.28722773,2.575215344,3.39628621,4.789546215,4.836396019,5.965070787,5.991929581,4.834130809,4.593688266,2.215507061,1.179442723,0.591362867,-0.656309107,-0.141499089,-0.399837855,-0.349031623,0.000303927,0.442251935,1.234420096,2.177624302,3.746844817,4.109672168,4.226893134,3.616474228,2.682428592,1.896412311,1.69823908,1.564520138,1.560475679,2.050317999,1.678174111,2.12074226,1.873407562,1.97674443,2.53673467,2.519650161,4.022740475,4.12568003,4.306290551,4.408104303,2.778755635,2.525733692,1.958974839,1.748059458,1.836714142,1.940084718,2.268089223,1.887732055,2.031819003,1.35336724,0.505447616,0.492344123,0.261289048,0.559449896,1.513332074,2.118507743,2.645590816,3.536784419,3.360985545,3.267872573,3.088139491,2.250466089,2.398618407,2.353141215,3.583297767,4.608894944,5.395239798,6.900142307,6.148072923,6.812846339,6.502548723,5.764374271,5.810039157,4.622173058,4.126733126,3.121789863,1.987944128,1.496666225,0.878236768,0.0415151,0.925706995,0.470097239,0.739525369,2.013044971,2.173626809,3.200886094,3.745025263,3.849459111,3.248376967,3.309969835,2.920608977,2.660246872,3.046442,2.170031853,2.42516421,1.687739624,1.91138965,2.310755786,1.885800537,2.973167044,1.607765673,2.094959385,2.661717361,2.607463919,3.66716281,2.399903519,-1.133866729,-5.006747829,4.353348081,2.441838855,5.70312471,8.9993601,-2.583405794,1.297729175,0.987736387,3.084787693;
SERIES<FREQ Q PER 1991Q2 TO 2020Q4>!
Q238P51GPS.q=1.780037869,-2.17384311,9.469809479,6.344923337,8.706987324,17.522902021,-7.105501511,12.638807975,-1.306972926,-2.537229433,0.89581344,-2.738571821,7.889390442,3.943515749,-2.00605729,9.33190599,-10.146246439,5.905261483,-1.732784725,-4.734764363,-3.695892374,5.436347807,1.213615841,3.965133491,11.389270229,-4.924727358,18.6152938,12.057241804,-1.702531392,-1.193083913,5.717258532,-1.244334499,-5.667601136,1.320011089,0.147252658,-3.004326283,1.483080758,-1.165649939,-5.479347779,2.501545503,1.969787234,2.827142365,6.573809285,-3.842623207,5.453960544,-3.501272369,0.781913753,7.130662486,2.724303591,-8.735263051,3.511425063,0.022427039,1.80945684,2.703044259,-1.780885728,-0.233343256,1.113790691,0.889912309,11.519203165,-4.207221851,-2.60747722,6.996587896,5.92271735,4.419159192,4.445259906,5.104829005,1.281639896,4.530177575,6.185669772,-3.215800696,-8.802745598,-3.054082912,-3.721206172,-1.023776432,0.130875942,4.641782214,2.116884014,0.141195235,-2.679182373,0.42264786,2.609951734,2.567726984,3.314204785,4.491964718,-3.152253588,6.237497214,-3.933312355,0.160786394,-0.487485634,12.481590077,-1.903488264,-1.869030296,-3.502919192,6.90312269,3.5477983,-5.119152861,6.820883465,4.267143388,-12.170501689,1.970654547,7.305300393,6.105650536,4.925048189,-3.000047217,-1.087426268,-12.028730377,10.679595173,-0.580822377,5.174280765,-5.879832838,-0.969817376,-0.541175245,-1.819714117,-4.010014943,3.852534327,-3.284167896,-0.626016848,-0.019733271,-2.531962132;
SERIES<FREQ Q PER 1992Q1 TO 2020Q4>!
Q238P51GYS.q=15.912087013,23.800835974,48.727436289,26.207953329,33.677405314,21.363199429,0.647562797,9.316675199,-5.607169103,3.188495576,10.04997039,6.884816386,20.149589777,0.064441795,1.952977029,2.237290026,-10.916585263,-4.521531706,-4.94427897,-2.094170423,6.846874135,23.583465229,11.439099466,30.598846947,40.763985773,24.219715635,29.095259766,15.057649942,1.399914972,-2.690299563,-0.215285348,-5.472718755,-7.157353631,-0.119599493,-2.569942879,-8.043882377,-2.82407644,-2.358026819,1.586594851,14.540792209,7.451473639,11.122948953,4.283975398,-1.383476063,9.870442537,7.026465735,1.221461482,3.962877215,-2.93517225,-3.799616585,8.257280588,2.722324674,2.459650391,1.759541456,-0.036933782,13.499307881,8.978434026,4.967725429,11.321223332,5.734672948,15.256346669,23.602703165,21.417338965,16.0973539,16.220788531,18.157418371,8.803479699,-2.029838497,-9.138132408,-17.61533326,-15.749437899,-7.496309652,-0.15308215,5.901369594,7.147851735,4.140870033,-0.058067649,0.424498396,2.857894893,9.192276389,13.61695529,7.236636292,11.073455406,3.281624907,-0.99938499,1.724619192,7.703468331,9.979169722,7.750377774,4.485320037,-0.696576395,4.821779042,1.350055177,12.193056439,9.426639826,-7.184053785,-0.248542532,0.203815593,1.970675461,21.818731091,15.880507156,6.817083277,-11.438887694,-6.581810281,-4.25191631,1.809461191,8.925602041,-2.539196627,-2.500330471,-8.983970623,-7.175820408,-2.655674844,-5.340351333,-4.189458738,-0.206636504,-6.341589108;
SERIES<FREQ Q PER 1991Q2 TO 2020Q4>!
Q238P6GPS.q=11.918338531,-1.367843123,8.704419756,6.2798316,0.800079701,3.177806362,-3.034625388,6.346890583,-3.156002518,8.015053689,2.303638996,-4.09835043,0.805948568,7.421805106,-2.825807243,6.01637549,2.430477955,2.517367015,-0.222220457,3.577534186,-5.438878597,5.612466773,8.966647218,-6.534829278,10.7596187,-2.331955793,4.55906154,0.966863464,8.809049201,0.505284869,5.244745717,1.575907896,-7.145484062,3.2363801,4.668986147,1.586395118,-1.788916505,-2.014048027,-0.794673715,6.189156708,-1.582757478,-0.839246453,-3.030039617,-0.509546966,7.662947088,1.974420964,-0.276166242,-0.069506964,2.660824447,1.570201069,0.99070053,6.607782896,-0.662385429,1.627481483,3.719661611,-1.238585748,6.612255934,-3.255113843,2.080026018,5.029041445,-1.677828962,2.746523985,5.205645221,0.694166496,1.546964058,0.442105095,1.780313843,-0.455402008,2.285997158,1.636639698,-7.58002331,-8.468452055,4.317216091,2.356451442,2.238761045,5.78656324,-1.958152357,2.186496388,-1.506374631,5.159093014,4.686896012,-3.092305127,1.530476518,2.107410994,2.016340756,2.293788996,0.148220502,1.721768378,-2.330098865,1.58055956,2.910721956,3.21549449,-0.977769522,-0.049137288,-0.06027935,0.784458263,1.118074147,1.475201091,3.854999636,3.127262692,1.350767776,0.431855695,3.321314891,0.49282279,4.573598119,0.193744436,-0.857542503,3.604572848,0.340209627,0.490872464,-0.40733756,1.547750256,1.970393534,0.084345041,-0.433574028,0.768857285,-21.986992469,8.501947106,6.263410938;
SERIES<FREQ Q PER 1992Q1 TO 2020Q4>!
Q238P6GYS.q=27.531610588,14.862288704,20.155934509,7.180234509,7.247861616,3.038724485,7.869451287,13.808021134,2.629958442,6.828616964,6.24188462,0.914976987,11.55845745,13.356267946,8.180886674,11.079375656,8.524063156,0.186558886,3.211289263,12.716360271,1.711765381,19.13518139,10.17354786,5.717144327,14.202203823,12.191007521,15.450137885,16.207244267,16.908220534,-0.233883977,2.477125339,1.916506515,1.927028902,7.806969266,2.324088684,-3.017168902,1.377010549,1.589815307,2.807825363,0.491285356,-5.847980943,2.997031681,5.919552757,8.927587772,9.409367626,4.32610463,3.912562815,5.232642159,12.264218139,8.630139019,8.691400878,11.62844955,3.412558153,10.9856137,5.653415846,3.98321081,10.58222526,1.983438681,8.310053841,11.626432151,7.019262384,10.529304592,8.050331995,4.532382062,3.338994816,4.091069863,5.329000756,-4.357695245,-12.056622059,-10.310222168,-9.675020576,-0.07881068,15.482797465,8.535745668,8.355530369,4.386329663,3.767164886,10.800261939,5.076486184,8.316306493,5.173003185,2.490047369,8.186406595,6.713535429,6.310496251,1.781102728,1.071447927,3.859415805,5.38453205,6.843677533,5.129542415,2.094484435,-0.310148623,1.799825499,3.352362183,7.401336196,9.897954527,10.15085248,9.018305971,8.458088292,5.687469661,9.048201814,8.789662285,4.389636162,7.622050651,3.265253535,3.571490229,4.041807367,1.976304523,3.633069355,3.213830438,3.186640018,2.395176411,-21.662010005,-15.073386918,-9.361097404;
SERIES<FREQ Q PER 1991Q2 TO 2020Q4>!
Q238P7GPS.q=11.764760711,-1.003418709,8.864149287,0.790859929,7.784189599,9.539785027,4.095676466,6.621578867,-4.90649251,3.62421071,-0.097916265,0.103043135,2.388269339,5.580150101,-2.109494684,4.811963472,-8.911936289,8.389549421,-0.546570611,-1.807621597,-0.692325149,6.629628179,3.524935573,0.883508633,9.890498983,-2.226102015,6.217944867,6.428061403,2.021689465,-1.274375297,9.658825067,-2.181147638,-8.344880451,0.140448738,-4.056599622,4.28422759,0.775001917,-5.605673048,-2.622169086,3.135669595,4.593844677,-2.840146553,-1.480755207,1.191649598,10.523824878,-4.345934448,3.114991901,1.810050557,-0.49742971,0.512916826,1.248625499,0.613987906,3.116488346,1.458477575,-0.16755542,-1.288813875,6.663918496,2.082055729,2.637830724,2.395607914,-1.892931004,4.348872816,0.047094462,8.487761449,-3.467223047,4.32747594,1.119708872,-0.968402843,10.095716799,-1.078799395,-5.194051513,-19.913856312,-1.125158359,5.306006888,7.333392366,3.964897021,5.786467714,1.573650286,3.257313139,0.272795925,1.459530981,6.086574991,4.862345289,2.210877085,-3.879375613,1.722104256,3.222473928,1.816295546,-2.976901418,0.203044531,-0.675577399,8.616746163,-1.83203886,-0.256872192,-2.744329621,4.582096785,-0.202259352,6.257332107,-1.447109026,4.005674251,5.388145444,-2.214493811,-0.219696344,5.322939802,-0.835864096,-0.122778853,1.430814706,-2.319262929,5.82926811,-7.035536288,4.512998678,0.110583127,-1.304443393,-0.23261534,-2.086882589,2.184618685,-16.891743014,5.83590568,2.712609796;
SERIES<FREQ Q PER 1992Q1 TO 2020Q4>!
Q238P7GYS.q=21.403476522,17.079616582,29.548675966,23.87417849,31.040260008,15.611371138,9.367907563,4.961918018,-1.455150837,6.104368472,8.107121617,5.930330658,10.91337086,-1.327717945,1.297868794,2.915194981,-3.584596317,5.115743705,3.40897925,7.642420983,10.592545808,22.377953778,12.214304528,15.133351648,21.461075103,12.763743916,13.861381119,17.549866831,8.040989538,-2.937210075,-1.546215908,-13.860185716,-8.166741069,0.970866553,-4.822905129,-3.399931472,-4.463858239,-0.843540736,2.06150477,3.257818314,1.311495917,7.055382346,5.396233087,10.312779438,10.986921315,-0.080512491,4.995005485,3.094611109,1.883457464,5.583848976,6.577113788,5.086402441,3.099018799,6.645847959,7.301308424,10.316576708,14.434172847,5.253973877,7.591226049,4.875458493,11.115153809,9.332125283,9.309706585,10.48162634,0.851669966,15.02141807,9.060980037,2.251378793,-17.310041952,-25.737742167,-20.944531737,-10.498320737,16.187800277,24.309650248,19.903748271,15.350298811,11.253868411,6.703301025,11.444136488,13.176424658,15.363908255,9.293338792,4.796939707,3.158091179,2.759852954,3.724662704,2.175697915,-1.68282339,4.883916253,6.121535649,5.634453953,3.434274929,-0.407867722,1.245555804,7.857883383,9.296518962,8.694112065,14.782867997,5.631306813,6.946876598,8.30139343,1.905333389,4.085174946,5.806894815,-1.870423556,4.725172668,-2.523123867,0.438911548,2.93736826,-4.001406818,3.023544593,-3.482279282,-1.482678656,-17.041829022,-11.995757041,-7.681976568;
SERIES<FREQ Q PER 2005Q1 TO 2020Q4>!
Q456B1GS1CQR.q=279776.7,300987.1,322050.7,327956.9,351824.3,362661.3,363121.7,333884.1,347752.7,374121.8,393357.1,443595.8,492351.1,557569.8,535505.9,363811.5,352014.5,386801.4,422833.4,447467.7,481074.1,476504.5,479784.3,543414.4,598789.2,630448.8,631439.9,656468.2,710785.7,680133.2,682017.2,686969.5,702563.8,692774.3,701752.5,702836.1,746219.9,726232.1,723184.2,640677.2,642110.4,633737.0,606991.2,570673.2,576101.5,600753.7,605080.5,636572.7,634716.4,624765.6,644513.4,678202.5,699190.6,738850.8,745062.0,766353.8,718542.7,740032.4,745369.4,769681.2,695570.3,564211.2,668098.2,697562.5;
SERIES<FREQ Q PER 2005Q1 TO 2020Q4>!
Q456B1GVMNCQR.q=7248.0,6983.2,6690.5,6955.3,7612.9,7320.8,7028.8,7320.8,7902.0,7794.8,7488.5,7811.1,8315.2,8289.0,8205.0,8212.0,8846.1,8852.3,8709.4,8799.5,9479.7,9441.9,9404.1,9441.9,10535.0,10423.1,10371.2,10563.1,11538.3,11492.4,11446.4,11492.4,12475.7,12445.6,12393.7,12425.2,13570.2,13489.1,13130.7,13417.2,14114.8,14024.6,13649.7,13970.0,14537.7,14439.0,14029.4,14365.5,14878.6,14720.1,14270.4,14723.6,15857.6,15948.5,15097.9,15769.5,16676.3,17299.4,16445.6,17204.7,17585.7,15348.2,15738.1,17056.9;
SERIES<FREQ Q PER 2010Q1 TO 2020Q4>!
Q456B1GVMNVQR.q=9479.7,9441.9,9404.1,9441.9,10177.2,10037.9,9947.3,10039.9,10707.3,10691.6,10646.7,10543.8,11476.2,11393.0,11364.7,11106.0,12216.1,12089.3,11765.1,11837.0,12443.7,12312.1,11991.4,12065.5,12705.0,12498.3,12170.5,12274.6,12869.9,12689.2,12245.8,12518.4,13515.6,13527.9,12786.2,13088.5,14103.8,14528.1,13777.1,14181.9,14625.5,12696.3,13023.9,13888.8;
SERIES<FREQ Q PER 2006Q1 TO 2020Q4>!
Q456D1D4FRCQR.q=7685.5,10003.6,11874.8,9688.9,11367.0,15304.0,16581.1,13478.0,16778.9,22478.2,21120.4,20240.8,19000.4,19524.2,19740.1,15805.5,16412.4,18274.1,17702.4,15754.2,15692.4,20890.8,20080.3,17457.9,18092.1,24801.2,23679.3,22105.7,19062.6,26860.3,26483.2,21983.1,22354.3,28832.6,27553.7,22924.7,19785.9,25614.8,28401.5,22110.3,15957.3,25485.5,27315.8,21130.9,16225.7,17631.8,18798.3,18260.0,14322.4,20509.4,18512.4,19649.3,19082.9,24679.5,13968.2,18921.1,1197.3,8073.2,28404.7,23991.1;
SERIES<FREQ Q PER 2006Q1 TO 2020Q4>!
Q456D1D4TOCQR.q=5486.0,5773.0,6523.0,7109.0,6636.0,8774.0,9497.0,7852.0,8928.4,12080.8,13482.5,11758.3,5821.0,9107.7,12551.0,14192.0,5875.5,9099.0,12578.0,14176.0,7678.0,9069.0,10187.0,10872.0,10935.0,11627.0,12350.0,12559.0,11145.0,12252.0,10532.0,9605.0,10946.0,10664.0,9323.0,8760.0,7678.9,7821.1,8276.1,7336.2,7337.9,7647.5,10029.1,5899.6,7142.6,7484.8,7661.4,8509.9,8482.2,10355.4,11175.8,14064.4,10343.6,12123.4,11766.7,13471.8,6947.6,4868.1,6667.6,11512.0;
SERIES<FREQ Q PER 2006Q1 TO 2020Q4>!
Q456D5D7TOCQR.q=14375.6,16247.0,15959.0,16261.9,13292.0,17324.6,18302.0,14950.6,19886.3,21389.4,23761.7,21256.7,25338.2,26425.4,25023.1,26985.5,25466.4,25526.0,24363.3,29347.6,25593.8,28696.9,27650.4,28385.7,28417.5,30891.0,26706.0,28394.5,30371.7,35472.7,35701.8,33313.7,37072.6,35271.7,36655.6,36252.7,47092.4,39842.6,35618.4,45097.7,42326.3,40908.9,33012.1,42450.4,36387.5,36930.4,33523.4,36600.8,39429.9,39105.8,37036.9,38425.7,35038.4,34653.5,34002.6,33513.0,35476.1,34831.2,38195.7,37518.0;
SERIES<FREQ Q PER 2005Q1 TO 2020Q4>!
Q456P3P51CQR.q=195552.7,208101.1,203310.7,217529.9,220409.8,236420.5,248754.5,261537.5,258669.0,281128.2,296091.3,289071.5,316902.1,333618.8,331991.9,331030.5,341256.9,335702.4,330474.5,355846.7,367486.9,374167.8,356709.4,425147.3,447233.9,442865.1,411795.0,436721.8,495799.1,465500.1,516266.6,473923.7,531058.9,504324.9,505707.5,588620.6,609811.5,574182.2,561545.7,617727.1,647148.7,638014.5,586844.6,585370.9,564642.1,572999.4,519329.2,634955.5,544377.2,560928.7,541593.1,679955.5,568831.5,624990.9,571227.9,698084.4,588821.4,642106.6,621233.6,671858.1,607940.8,550137.8,616077.0,700586.3;
SERIES<FREQ Q PER 2010Q1 TO 2020Q4>!
Q456P3P51VQR.q=367486.9,374167.8,356709.4,425147.3,435665.0,418847.1,392274.0,429831.0,471900.4,433989.3,466674.9,445451.8,486667.8,452406.2,447702.5,543664.5,540223.0,505249.9,481415.9,563304.4,547977.6,556533.6,508220.2,544932.0,479322.6,485223.2,434718.0,560872.8,475070.5,477572.6,453186.9,602923.0,473415.2,509853.2,467359.0,593533.8,490070.6,528354.0,503389.6,566664.9,496914.9,446181.1,472486.7,553243.9;
SERIES<FREQ Q PER 2005Q1 TO 2020Q4>!
Q456P3P5CQR.q=196331.7,210738.1,205539.7,222500.9,221256.3,244476.3,259286.7,266988.1,269508.7,293905.8,308313.1,297213.8,343637.1,350279.8,359683.9,347504.5,357091.9,370560.4,373190.5,358321.7,398636.1,413988.5,406262.3,433285.4,442550.2,467656.8,472329.9,466183.2,510984.8,513842.2,525983.1,518294.7,562445.5,569043.1,539656.5,537245.1,620397.7,588142.2,642539.6,613390.0,652474.6,642327.1,645157.7,623415.7,617889.9,603415.1,571618.5,615272.8,591330.3,619832.9,602137.7,626330.8,629896.7,634799.2,619231.1,670553.2,643016.1,675074.4,686491.8,718096.8,646683.4,601845.4,642061.1,680167.3;
SERIES<FREQ Q PER 2010Q1 TO 2020Q4>!
Q456P3P5VQR.q=398637.5,413989.8,406261.1,433283.0,429960.3,449478.4,468150.7,438508.2,483801.9,473166.2,493428.5,469714.5,504243.5,501744.9,508413.9,492818.1,544042.5,517413.6,566945.6,536751.6,547253.7,563195.7,580964.2,557131.0,528590.2,514686.3,497299.9,514260.8,516187.8,530129.4,511555.0,516837.1,534470.4,506178.8,507843.4,523153.4,539262.7,541759.7,551677.0,575096.6,526123.0,463880.8,514767.7,533720.9;
SERIES<FREQ Q PER 2005Q1 TO 2020Q4>!
Q456P3P6CQR.q=349140.7,378982.1,399410.7,409740.9,432577.3,463967.3,480361.7,459623.1,458506.7,507773.8,546165.1,590815.8,649207.1,725114.8,710470.9,527013.5,498999.9,551412.4,576193.5,590269.7,623976.1,651774.5,642742.3,715545.4,755216.2,820632.8,836445.9,847266.2,906464.0,891430.7,881638.8,887394.8,912102.1,916375.3,915808.1,917769.4,985370.0,950300.7,978728.7,879600.6,859104.8,875427.8,847747.7,798633.6,774289.1,795360.9,766917.0,824854.6,812574.8,825535.9,821943.8,879552.3,892101.6,934289.2,931259.3,977767.2,913657.3,949691.0,948570.9,982734.7,862520.5,723202.3,809070.0,867575.0;
SERIES<FREQ Q PER 2010Q1 TO 2020Q4>!
Q456P3P6VQR.q=623976.7,651774.1,642741.9,715545.7,676669.9,707069.4,734078.7,749965.9,757987.5,759930.8,753979.5,766542.2,764258.2,776607.3,783085.1,803595.1,818874.0,789384.8,824826.9,831611.4,814752.2,839651.4,845415.3,855827.7,822206.1,806767.4,783356.6,838153.1,800523.5,809088.7,789654.5,834294.7,818236.5,811438.0,815112.8,868681.5,836055.9,833060.1,836751.3,881699.3,796817.2,735069.1,747854.3,811321.5;
SERIES<FREQ Q PER 2006Q1 TO 2020Q4>!
Q456P3S1CQR.q=159278.6,165861.2,172258.2,181043.9,183297.4,189933.7,194257.7,188783.9,206467.1,221810.5,215281.9,225485.1,236031.0,234130.6,227952.9,250713.1,251047.7,260925.0,246700.2,280917.4,293245.8,305663.0,294054.5,276859.9,317259.6,328670.5,371439.3,319214.2,353242.3,355652.6,349908.9,408452.9,431129.9,397736.4,402040.7,418106.2,455929.4,443101.5,411092.4,414822.9,412958.7,411879.6,388419.0,446831.4,394369.3,410131.8,408915.5,481205.6,420688.5,463025.3,436016.7,524610.7,436428.0,462422.9,465060.5,503078.2,456306.2,412744.9,475489.5,533283.1;
SERIES<FREQ Q PER 2006Q1 TO 2020Q4>!
Q456P5S1CQR.q=61977.7,78615.1,87028.5,85944.2,86211.3,103972.2,114055.4,108429.9,137170.0,128469.4,144402.0,122019.4,121060.9,136429.8,145237.6,107608.7,147588.4,153063.5,159562.1,152368.0,149304.4,161993.8,178275.4,189323.3,193725.2,185171.7,154543.8,199080.6,209203.2,213390.5,189747.6,128792.2,189267.8,190405.8,240498.9,195283.8,196545.2,199225.6,234065.3,208592.8,204931.2,191535.5,183199.5,168441.4,196961.0,209701.0,193222.2,145125.2,209208.2,171774.0,183214.4,145942.5,206588.0,212651.5,221431.3,215018.6,190377.2,189100.5,166571.6,146884.2;
SERIES<FREQ Q PER 2003Q1 TO 2020Q4>!
Q922B1GEHCS.q=9553.5,9800.7,10108.6,10253.0,10536.8,10816.0,11074.0,11430.2,11696.6,12243.5,12939.0,13865.2,15000.0,15830.0,16503.8,16709.3,16774.4,17290.8,18031.1,19321.3,20790.3,21857.1,22248.2,21693.0,20819.1,20588.0,20785.1,21107.8,21694.5,21970.4,22043.4,22292.6,22401.3,22631.7,22941.1,23231.3,23754.7,24067.0,24503.3,24926.5,25589.2,25999.2,26254.7,26508.3,26451.7,26484.4,25721.0,25278.3,24494.8,24094.3,24016.3,23815.1,23735.1,23963.5,24174.6,24656.1,25090.4,25587.7,26233.1,26846.0,27899.5,28637.1,28956.3,29212.2,29023.7,29589.4,29188.6,28975.3,28747.6,27542.0,28110.9,28321.7;
SERIES<FREQ Q PER 2003Q1 TO 2021Q1>!
Q922B1GEHVS.q=15935.3,16130.5,16420.7,16738.4,17071.5,17416.5,17696.6,17911.3,18241.1,18537.0,18882.2,19290.6,19682.6,20074.6,20548.9,20952.8,21346.7,21889.9,22377.2,23096.4,23714.0,23861.9,23506.7,22742.5,21940.9,21617.1,21702.2,21933.3,22398.5,22610.1,22727.2,23011.6,23242.5,23492.8,23781.9,24061.7,24402.1,24497.9,24614.7,24610.0,24778.1,24860.6,24859.2,24978.1,24958.8,25076.0,24583.6,24502.7,24247.4,24086.5,24123.7,24040.4,24069.3,24076.3,24088.6,24270.0,24311.6,24483.5,24648.7,24642.6,24972.5,25118.8,25187.6,25353.9,25347.4,25926.9,25679.0,25558.8,25385.2,24750.5,24950.4,24920.7,24953.0;
SERIES<FREQ Q PER 2003Q1 TO 2021Q1>!
Q922POPNCPES.q=144964.0,144807.0,144649.0,144492.0,144334.0,144201.0,144068.0,143933.0,143801.0,143660.0,143519.0,143378.0,143236.0,143142.0,143049.0,142956.0,142863.0,142834.0,142805.0,142777.0,142748.0,142745.0,142742.0,142740.0,142737.0,142761.0,142785.0,142809.0,142833.0,142841.0,142849.0,142857.0,142865.0,142847.0,142870.0,142968.0,143056.0,143087.0,143142.0,143265.0,143347.0,143358.0,143424.0,143566.0,143667.0,143685.0,146097.0,146233.0,146267.0,146257.0,146314.0,146443.0,146545.0,146581.0,146654.0,146759.0,146804.0,146780.0,146787.0,146854.0,146880.0,146840.0,146792.0,146797.0,146781.0,146748.0,146716.0,146737.0,146749.0,146671.0,146531.0,146443.0,146238.0;
SERIES<FREQ Q PER 1999Q1 TO 2020Q4>!
Q944B6NS1CQR.q=1846556.0,2115444.0,2236822.0,2521673.0,2147279.0,2457075.0,2636167.0,2876661.0,2521453.0,2987228.0,3072871.0,3226736.0,3004599.0,3337182.0,3491682.0,3769295.0,3169278.0,3677676.0,3845397.0,4338072.0,3592534.0,4155245.0,4174230.0,4444712.0,3617114.0,4395254.0,4530342.0,4972095.0,3966663.0,4710440.0,4920312.0,5174167.0,4291016.0,4745621.0,4926273.0,5446151.0,4794916.0,5309158.0,5141802.0,5551044.0,4541777.0,5028814.0,5086218.0,5804916.0,4519893.0,5232709.0,5515683.0,5864335.0,4646616.0,5305140.0,5649105.0,6234054.0,4801595.0,5414029.0,5788872.0,6135672.0,5100192.0,5857160.0,6166106.0,6698386.0,5316109.0,6207761.0,6733951.0,7224384.0,5874783.0,6616977.0,6995382.0,7695736.0,6192221.0,7178849.0,7419221.0,7914292.0,6579795.0,7574256.0,7945368.0,8851000.0,7306877.0,8434752.0,9028603.0,9993827.0,8078996.0,9454497.0,9947933.0,10968727.0,8653785.0,8543748.0,9997813.0,11241433.0;
SERIES<FREQ Q PER 1999Q1 TO 2020Q4>!
Q944D1D4FRCQR.q=2136621.0,2421196.0,2268721.0,2563637.0,2457198.0,2760559.0,2591452.0,2886859.0,2715051.0,3097094.0,2943090.0,3166456.0,2982692.0,3332341.0,3134042.0,3517997.0,3310292.0,3763198.0,3543906.0,3987252.0,3987468.0,4542927.0,4001093.0,4392186.0,4082642.0,4808978.0,4216534.0,4619970.0,4503693.0,5315689.0,4814857.0,5267320.0,5246239.0,5922129.0,5370603.0,5722720.0,5598407.0,6275197.0,5919998.0,6335685.0,6046522.0,6635359.0,5882142.0,6162521.0,5884831.0,6494415.0,6050227.0,6256119.0,5822526.0,6448839.0,6014795.0,6221106.0,6268730.0,6921716.0,6331455.0,6571030.0,6258684.0,7833239.0,6208231.0,6508680.0,6094923.0,7122423.0,6269432.0,6719658.0,6123782.0,7574883.0,6351705.0,6874576.0,6851330.0,8741141.0,7035208.0,7685215.0,7145899.0,8192361.0,7247059.0,7807557.0,7426312.0,8737296.0,7808112.0,8429965.0,8118278.0,9835482.0,8553048.0,9222617.0,8814910.0,9157097.0,8933948.0,9620543.0;
SERIES<FREQ Q PER 1999Q1 TO 2020Q4>!
Q944D1D4NFCQR.q=-170093.0,-196221.0,-186824.0,-201536.0,-172343.0,-197122.0,-200619.0,-203822.0,-199886.0,-231199.0,-225490.0,-237139.0,-225967.0,-256325.0,-244313.0,-264666.0,-248516.0,-270719.0,-266425.0,-285055.0,-302100.0,-325178.0,-361244.0,-381795.0,-356741.0,-387789.0,-411129.0,-416201.0,-348466.0,-464897.0,-444875.0,-464869.0,-455887.0,-588828.0,-537880.0,-585307.0,-430424.0,-461109.0,-535804.0,-599809.0,-313976.0,-436502.0,-380545.0,-356676.0,-329085.0,-362660.0,-330923.0,-524469.0,-384501.0,-437398.0,-433169.0,-507895.0,-269761.0,-399373.0,-327731.0,-623519.0,-220200.0,-373956.0,-309182.0,-407339.0,-518796.0,-539075.0,-425639.0,-381118.0,-337164.0,-513479.0,-502938.0,-674198.0,-218997.0,-351962.0,-337819.0,-439574.0,-364058.0,-555977.0,-469998.0,-584478.0,-380135.0,-590841.0,-501471.0,-577965.0,-339455.0,-493402.0,-380403.0,-482393.0,-327122.0,-288257.0,-280176.0,-381527.0;
SERIES<FREQ Q PER 1999Q1 TO 2020Q4>!
Q944D1D4TOCQR.q=2306714.0,2617417.0,2455545.0,2765173.0,2629541.0,2957681.0,2792071.0,3090681.0,2914937.0,3328293.0,3168580.0,3403595.0,3208659.0,3588666.0,3378355.0,3782663.0,3558808.0,4033917.0,3810331.0,4272307.0,4289568.0,4868105.0,4362337.0,4773981.0,4439383.0,5196767.0,4627663.0,5036171.0,4852159.0,5780586.0,5259732.0,5732189.0,5702126.0,6510957.0,5908483.0,6308027.0,6028831.0,6736306.0,6455802.0,6935494.0,6360498.0,7071861.0,6262687.0,6519197.0,6213916.0,6857075.0,6381150.0,6780588.0,6207027.0,6886237.0,6447964.0,6729001.0,6538491.0,7321089.0,6659186.0,7194549.0,6478884.0,8207195.0,6517413.0,6916019.0,6613719.0,7661498.0,6695071.0,7100776.0,6460946.0,8088362.0,6854643.0,7548774.0,7070327.0,9093103.0,7373027.0,8124789.0,7509957.0,8748338.0,7717057.0,8392035.0,7806447.0,9328137.0,8309583.0,9007930.0,8457733.0,10328884.0,8933451.0,9705010.0,9142032.0,9445354.0,9214124.0,10002070.0;
SERIES<FREQ Q PER 1999Q1 TO 2020Q4>!
Q944D5D7FRCQR.q=1499130.0,1604903.0,1588139.0,1830815.0,1739814.0,1800775.0,1816925.0,2157681.0,2012068.0,2109708.0,2088289.0,2448186.0,2329419.0,2453528.0,2456370.0,2853899.0,2646245.0,2721800.0,2682895.0,3107672.0,2846375.0,3097754.0,2977044.0,3224054.0,3208072.0,3252629.0,3191171.0,3613659.0,3589423.0,3401291.0,3436879.0,4111223.0,3839738.0,3689093.0,3757567.0,4466176.0,4091612.0,4059068.0,4069332.0,4492716.0,4134759.0,4045946.0,4024576.0,4094015.0,3887099.0,3955865.0,3883946.0,3994446.0,3813039.0,3782303.0,3877530.0,4102286.0,3827953.0,3985922.0,3930014.0,4281385.0,4028098.0,4191403.0,4047014.0,4398652.0,4257745.0,4295272.0,4326246.0,4663744.0,4393535.0,4452641.0,4474695.0,5021820.0,4496492.0,4735925.0,4619772.0,5473024.0,4639226.0,4950849.0,4845708.0,5718043.0,5169425.0,5332988.0,5223420.0,5919942.0,5320693.0,5792350.0,5561532.0,6302211.0,5633352.0,5769352.0,5811244.0,6564002.0;
SERIES<FREQ Q PER 1999Q1 TO 2020Q4>!
Q944D5D7NFCQR.q=17978.0,20888.0,25170.0,28708.0,24082.0,25768.0,29329.0,26441.0,24540.0,24261.0,23677.0,26090.0,25357.0,27234.0,28489.0,24553.0,28136.0,27318.0,22708.0,29233.0,-26162.0,-55324.0,3291.0,-6464.0,-58812.0,-17042.0,-720.0,-2425.0,-40773.0,-1002.0,-50411.0,-73812.0,-72752.0,-49909.0,-71110.0,-19777.0,-65617.0,-41291.0,-30159.0,-79604.0,-76534.0,-21657.0,-14806.0,4218.0,-66159.0,-6588.0,-18507.0,-41180.0,-104729.0,-60665.0,-18392.0,-21064.0,-193584.0,-73064.0,-57387.0,42321.0,-125676.0,-33247.0,-84034.0,32458.0,-104358.0,-64534.0,-19770.0,-88719.0,-125713.0,-73289.0,-95855.0,-94598.0,-126385.0,-121966.0,-115238.0,-190573.0,-91322.0,-98191.0,-147134.0,-51792.0,-78240.0,-67072.0,-31498.0,21867.0,-183565.0,-24773.0,-86842.0,4595.0,-125392.0,-73020.0,-14760.0,-55270.0;
SERIES<FREQ Q PER 1999Q1 TO 2020Q4>!
Q944D5D7TOCQR.q=1481152.0,1584015.0,1562969.0,1802107.0,1715732.0,1775007.0,1787596.0,2131240.0,1987528.0,2085447.0,2064612.0,2422096.0,2304062.0,2426294.0,2427881.0,2829346.0,2618109.0,2694482.0,2660187.0,3078439.0,2872537.0,3153078.0,2973753.0,3230518.0,3266884.0,3269671.0,3191891.0,3616084.0,3630196.0,3402293.0,3487290.0,4185035.0,3912490.0,3739002.0,3828677.0,4485953.0,4157229.0,4100359.0,4099491.0,4572320.0,4211293.0,4067603.0,4039382.0,4089797.0,3953258.0,3962453.0,3902453.0,4035626.0,3917768.0,3842968.0,3895922.0,4123350.0,4021537.0,4058986.0,3987401.0,4239064.0,4153774.0,4224650.0,4131048.0,4366194.0,4362103.0,4359806.0,4346016.0,4752463.0,4519248.0,4525930.0,4570550.0,5116418.0,4622877.0,4857891.0,4735010.0,5663597.0,4730548.0,5049040.0,4992842.0,5769835.0,5247665.0,5400060.0,5254918.0,5898075.0,5504258.0,5817123.0,5648374.0,6297616.0,5758744.0,5842372.0,5826004.0,6619272.0;
SERIES<FREQ Q PER 1999Q1 TO 2020Q4>!
Q944D9FRCQR.q=59922.0,67025.0,117702.0,225198.0,72802.0,78426.0,119427.0,249912.0,112366.0,106952.0,122149.0,293344.0,147101.0,92927.0,106558.0,506259.0,57932.0,109680.0,85050.0,255207.0,95860.0,92746.0,81946.0,201051.0,97162.0,142010.0,139744.0,219682.0,166006.0,202460.0,173506.0,223588.0,185310.0,145475.0,274897.0,183534.0,120738.0,159405.0,100993.0,333429.0,172358.0,288594.0,140248.0,307231.0,232457.0,289039.0,193439.0,340025.0,409554.0,257390.0,526546.0,519623.0,341074.0,258356.0,375120.0,471264.0,333310.0,389407.0,387365.0,548082.0,231412.0,465819.0,460879.0,732365.0,652871.0,700989.0,528091.0,1334401.0,165174.0,210925.0,266989.0,547170.0,225589.0,344544.0,376094.0,515010.0,327592.0,384567.0,328487.0,475356.0,333217.0,370923.0,311965.0,889619.0,443557.0,506191.0,739016.0,1738065.0;
SERIES<FREQ Q PER 1999Q1 TO 2020Q4>!
Q944D9NFCQR.q=-4872.0,-34015.0,18192.0,16865.0,8783.0,12572.0,18418.0,29485.0,19506.0,21117.0,20819.0,30066.0,19053.0,9624.0,4971.0,15797.0,-29018.0,2502.0,4202.0,20432.0,2095.0,5384.0,15914.0,17773.0,11322.0,48452.0,36388.0,54588.0,8938.0,46343.0,59559.0,39499.0,10309.0,50903.0,81153.0,61091.0,19021.0,35035.0,16416.0,163600.0,64045.0,105644.0,105001.0,180327.0,123480.0,108972.0,132174.0,193712.0,233095.0,77962.0,168454.0,201945.0,137193.0,102927.0,182761.0,307035.0,182119.0,274625.0,202575.0,487488.0,132109.0,211554.0,292636.0,583572.0,227655.0,423018.0,215732.0,764562.0,78478.0,16204.0,89993.0,-90246.0,86187.0,151273.0,42903.0,65922.0,161314.0,170832.0,135378.0,183529.0,167054.0,204686.0,32747.0,435951.0,184419.0,234052.0,277187.0,292991.0;
SERIES<FREQ Q PER 1999Q1 TO 2020Q4>!
Q944D9TOCQR.q=64794.0,101040.0,99510.0,208333.0,64019.0,65854.0,101009.0,220427.0,92860.0,85835.0,101330.0,263278.0,128048.0,83303.0,101587.0,490462.0,86950.0,107178.0,80848.0,234775.0,93765.0,87362.0,66032.0,183278.0,85840.0,93558.0,103356.0,165094.0,157068.0,156117.0,113947.0,184089.0,175001.0,94572.0,193744.0,122443.0,101717.0,124370.0,84577.0,169829.0,108313.0,182950.0,35247.0,126904.0,108977.0,180067.0,61265.0,146313.0,176459.0,179428.0,358092.0,317678.0,203881.0,155429.0,192359.0,164229.0,151191.0,114782.0,184790.0,60594.0,99303.0,254265.0,168243.0,148793.0,425216.0,277971.0,312359.0,569839.0,86696.0,194721.0,176996.0,637416.0,139402.0,193271.0,333191.0,449088.0,166278.0,213735.0,193109.0,291827.0,166163.0,166237.0,279218.0,453668.0,259138.0,272139.0,461829.0,1445074.0;
SERIES<FREQ Q PER 1999Q1 TO 2020Q4>!
Q944RB1GS1CQR.q=0.0,0.0,0.0,0.0,0.0,0.0,0.0,0.0,0.0,0.0,0.0,0.0,0.0,0.0,0.0,0.0,0.0,0.0,0.0,0.0,0.0,0.0,0.0,0.0,0.0,0.0,0.0,0.0,0.0,0.0,0.0,0.0,0.0,0.0,0.0,0.0,0.0,0.0,0.0,0.0,0.0,0.0,0.0,0.0,0.0,0.0,0.0,0.0,0.0,0.0,0.0,0.0,0.0,0.0,0.0,0.0,0.0,0.0,0.0,0.0,0.0,0.0,0.0,0.0,0.0,0.0,0.0,0.0,0.0,0.0,0.0,0.0,0.0,0.0,0.0,0.0,0.0,0.0,0.0,0.0,0.0,0.0,0.0,0.0,0.0,0.0,0.0,0.0;
SERIES<FREQ Q PER 1995Q1 TO 2021Q1>!
Q964P41CQS.q=51591.1,55238.0,59264.4,66612.2,69587.5,73153.6,76266.5,80299.2,85003.0,89454.3,93421.7,96982.1,100900.5,103200.0,107676.4,110978.1,114489.2,119411.1,123379.1,129125.4,133110.8,136727.8,139627.1,140834.5,142397.8,144925.1,147137.8,149759.0,152805.9,153943.5,156529.2,159494.3,153903.7,157221.8,160095.9,163833.3,167458.4,171750.3,174497.8,176246.4,177437.2,178655.0,181427.8,186092.4,187512.2,191972.8,195418.9,198081.0,202459.3,206569.2,210944.9,215557.2,223265.8,228578.1,232985.3,237259.4,241588.0,243337.2,247486.7,250702.4,252370.9,257157.6,262337.6,266366.2,272363.9,276988.8,280353.9,284772.3,287056.4,289323.2,289083.0,290485.3,290107.6,290330.5,294356.0,294675.5,297358.3,299641.0,299316.1,301724.1,304345.4,306563.6,309338.7,311720.9,313249.8,316803.9,320989.9,325194.5,332292.2,336487.1,342046.1,348260.4,352670.7,358481.3,364371.9,370455.9,377168.8,384002.8,389583.4,396096.1,397423.2,360176.7,404260.7,405398.1,410158.0;
SERIES<FREQ Q PER 1995Q1 TO 2021Q1>!
Q964P41LNQ.q=133270.2,143691.0,147673.2,153343.9,154221.0,153785.9,156559.4,161851.9,167796.3,169648.3,168496.6,164129.4,177869.1,176485.0,176505.3,170857.7,190479.9,192050.7,187449.1,185768.0,199556.6,196756.9,195050.1,193866.8,202728.7,201183.3,200871.8,198175.3,209833.2,206888.3,207182.8,208909.6,209054.2,210011.9,209656.0,214794.8,218719.4,221165.6,218826.6,220796.3,222558.9,224224.4,225383.7,226213.7,234493.6,232953.1,236690.1,237893.1,249845.4,248048.7,247891.8,246067.9,265668.1,262266.8,263448.7,261527.4,279870.6,269166.0,272520.1,270485.2,283747.3,275322.7,282988.0,278660.1,291263.7,283649.0,288443.7,283856.4,295748.9,284555.0,287706.1,283671.9,296518.1,284843.3,290993.1,286020.4,300197.7,293892.4,298543.6,296492.1,312912.6,304924.3,307562.6,307280.7,322803.3,313278.3,322440.3,320315.0,336105.8,326837.6,336707.1,335529.2,348691.2,340673.9,351789.8,352487.3,363266.6,354658.4,368285.4,367819.7,367331.6,323525.8,370665.6,362642.0,367551.0;
SERIES<FREQ Q PER 1995Q1 TO 2021Q1>!
Q964P41LQS.q=132340.0,146462.9,148749.8,151070.4,153081.5,155072.8,157160.7,163640.5,165505.7,167493.1,169044.1,170684.3,172697.3,174366.0,176397.4,178144.4,185792.3,188036.0,189802.9,191834.7,193777.2,195180.1,196645.3,197930.6,198834.3,200137.4,201494.8,202899.2,204898.2,206775.9,208852.6,210895.4,205665.4,209421.1,212546.6,215315.4,217474.3,219239.8,220397.5,221354.3,222247.8,223776.3,225745.9,228111.5,231044.3,234104.9,237621.1,241047.2,244067.5,247121.6,250082.8,253432.4,257481.2,261499.5,265009.1,267950.6,270292.3,271808.6,273314.4,275026.2,276743.6,278867.2,281233.8,283234.7,285062.6,286643.9,287619.5,288143.4,288255.7,288109.0,287894.3,288014.7,288306.6,288751.6,289890.9,291287.2,293297.3,296007.8,298808.1,301655.4,304447.0,306915.7,309108.4,311770.6,314570.1,317681.1,321262.9,324704.9,328303.5,331780.1,335214.2,338711.8,342318.9,346182.2,350104.6,354142.2,358033.4,361168.3,363747.4,365389.5,366247.4,329407.4,367161.3,291404.5,367516.0;
SERIES<FREQ Q PER 1995Q1 TO 2021Q1>!
Q964P52CQS.q=2438.0,2285.3,1940.7,989.8,971.2,1176.6,1946.6,5707.0,1218.0,1404.5,1284.1,4022.5,1357.8,1595.3,1622.3,2700.5,94.2,1527.4,2730.6,3513.3,1217.7,1892.8,1624.5,1828.6,-3008.3,627.7,1468.8,1368.1,-3058.0,920.9,1211.5,749.8,697.5,1443.7,1451.0,1770.4,4343.4,6205.7,2693.5,4210.8,4986.8,6780.3,4373.2,-6570.1,3945.4,1585.5,3850.4,4053.5,8802.0,8375.4,5173.7,9872.9,8724.6,3820.7,5296.9,1782.9,-4756.7,-3525.4,-1423.2,-2608.2,3826.2,4862.0,5775.3,3326.1,7423.2,9533.7,9126.1,4239.0,8374.3,7221.0,3849.0,2925.0,285.0,699.1,-2371.9,6564.9,2716.0,4490.6,4261.5,2441.5,-2471.4,4050.2,4782.0,2921.3,4836.1,4008.5,8154.5,14936.3,10033.8,12570.4,8622.0,15868.1,16120.9,12547.6,11559.4,13468.8,9822.3,15689.8,8136.6,-1231.8,6719.6,4358.2,-5571.5,5345.3,12368.1;
SERIES<FREQ Q PER 1995Q1 TO 2021Q1>!
Q964P52P53CQS.q=2457.4,2303.4,1961.3,1009.5,991.3,1199.1,1967.3,5728.2,1245.8,1430.2,1310.9,4053.5,1388.5,1627.5,1653.8,2726.4,114.6,1549.9,2752.5,3539.7,1241.1,1918.8,1650.5,1855.7,-2975.1,656.8,1502.1,1403.5,-3019.6,965.2,1258.3,799.2,752.9,1503.0,1512.5,1835.2,4401.5,6267.1,2757.4,4278.7,5054.7,6854.2,4444.8,-6498.5,4001.3,1633.5,3895.8,4095.3,8853.6,8424.9,5223.9,9924.0,8777.9,3875.8,5355.4,1831.9,-4707.4,-3478.8,-1374.9,-2557.4,3873.8,4919.3,5827.2,3377.7,7474.3,9578.1,9173.3,4285.0,8431.5,7273.0,3894.6,2973.4,326.7,741.8,-2329.5,6609.6,2758.5,4533.7,4305.4,2485.1,-2428.2,4093.5,4823.6,2966.5,4878.6,4051.7,8176.9,14954.4,10120.8,12657.5,8720.7,15976.1,16122.2,12695.2,11689.5,13608.0,9947.6,15822.3,8190.3,-1140.8,6854.6,4496.2,-5400.5,5493.4,12522.6;
SERIES<FREQ Q PER 1995Q1 TO 2021Q1>!
Q964P53CQS.q=19.4,18.1,20.6,19.7,20.1,22.5,20.7,21.2,27.8,25.7,26.8,31.0,30.7,32.2,31.5,25.9,20.4,22.5,21.9,26.4,23.4,26.0,26.0,27.1,33.2,29.1,33.3,35.4,38.4,44.3,46.8,49.4,55.4,59.3,61.5,64.8,58.1,61.4,63.9,67.9,67.9,73.9,71.6,71.6,55.9,48.0,45.4,41.8,51.6,49.5,50.2,51.1,53.3,55.1,58.5,49.0,49.3,46.6,48.3,50.8,47.6,57.3,51.9,51.6,51.1,44.4,47.2,46.0,57.2,52.0,45.6,48.4,41.7,42.7,42.4,44.7,42.5,43.1,43.9,43.6,43.2,43.3,41.6,45.2,42.5,43.2,22.4,18.1,87.0,87.1,98.7,108.0,1.3,147.6,130.1,139.2,125.3,132.5,53.7,91.0,135.0,138.0,171.0,148.1,154.5;
SERIES<FREQ Q PER 1995Q1 TO 2021Q1>!
Q964RB1GECQS.q=-985.2,1610.7,790.8,-4123.6,1977.6,1968.3,735.8,-4888.1,1577.4,1736.2,1308.7,-3913.4,1824.6,-226.0,731.8,-999.4,838.6,-498.9,-1507.7,-282.4,1862.4,687.5,-354.7,439.7,1245.7,-2113.2,-1179.4,-1302.4,2490.2,-804.6,321.4,-257.9,-225.3,-2282.4,-316.0,-1205.4,-1149.8,856.6,1944.8,1350.8,-4587.1,-1773.4,-513.1,5041.9,-1018.2,-1121.8,-169.9,1473.2,-134.4,-777.0,-1337.8,-2099.4,800.1,2340.6,-678.2,-614.3,-15.3,-880.6,923.8,1127.1,-1137.3,493.9,1162.5,2481.2,94.4,-250.2,-1002.2,5728.6,1096.3,-1427.6,710.0,593.5,-94.2,-583.3,2852.2,-2849.2,4075.8,-1951.4,-173.4,-1975.4,2252.3,110.2,-331.6,-911.5,2273.3,3141.1,470.7,-6486.7,6580.9,-741.3,1270.3,-3567.4,-1728.1,699.3,2080.5,1361.9,-2917.3,-5714.9,4428.6,6335.3,-6253.5,-7208.2,7906.0,-404.3,-10636.0;
