SERIES<FREQ A PER 1958 TO 1960>!
PCU22112242.A=26.0,26.1,26.3;
SERIES<FREQ A PER 1958 TO 1960>!
PCU22112243.A=17.5,17.5,17.8;
SERIES<FREQ A PER 1947 TO 1960>!
PCU311225P.A=56.1,56.7,40.5,42.1,49.6,40.8,42.8,43.4,41.6,43.6,44.0,42.3,37.8,37.4;
SERIES<FREQ A PER 1947 TO 1960>!
PCU3114111.A=42.8,41.2,40.3,40.4,41.1,37.5,37.1,37.5,36.5,37.7,35.1,44.1,40.5,35.9;
SERIES<FREQ A PER 1947 TO 1960>!
PCU3114114.A=42.5,44.4,44.2,41.2,40.3,39.7,35.4,36.7,38.6,39.7,37.0,36.9,37.6,40.7;
SERIES<FREQ A PER 1947 TO 1960>!
PCU311422.A=37.7,37.4,36.9,36.1,37.6,39.2,39.3,39.4,39.6,39.0,38.9,39.7,39.1,39.0;
SERIES<FREQ A PER 1947 TO 1960>!
PCU3114226.A=39.2,39.5,40.7,39.5,40.7,42.7,42.7,42.7,42.0,41.6,41.5,42.4,42.5,42.3;
SERIES<FREQ A PER 1947 TO 1960>!
PCU311513P.A=27.2,30.8,23.1,23.3,28.3,29.2,27.0,24.6,24.1,24.8,25.2,24.5,24.2,26.3;
SERIES<FREQ A PER 1947 TO 1960>!
PCU3119990G.A=67.6,68.8,70.2,54.6,64.4,61.8,76.4,58.7,59.3,62.1,55.2,61.3,52.1,57.0;
SERIES<FREQ A PER 1926 TO 1960>!
PCU312111P.A=17.5,17.5,17.5,17.5,17.5,16.3,15.4,15.1,15.1,15.2,14.0,13.6,13.6,13.6,13.6,13.6,13.6,14.0,14.0,14.0,14.4,15.6,15.7,15.7,16.0,18.8,18.8,19.2,22.3,23.2,23.3,23.4,23.4,26.3,26.9;
SERIES<FREQ A PER 1947 TO 1960>!
PCU3121205.A=35.4,37.8,38.0,38.8,41.1,43.5,44.4,46.3,46.3,46.9,47.9,48.1,48.6,48.5;
SERIES<FREQ A PER 1947 TO 1960>!
PCU324110C.A=8.2,11.3,9.6,10.0,10.8,10.9,11.3,11.4,11.7,12.3,12.9,11.9,12.0,11.3;
SERIES<FREQ A PER 1947 TO 1960>!
PCU324110E.A=10.5,14.0,8.3,9.7,10.9,9.8,9.6,10.2,11.5,13.1,15.5,12.3,11.5,12.3;
SERIES<FREQ A PER 1947 TO 1960>!
PCU325211P.A=38.7,38.5,39.0,39.2,49.0,48.7,48.8,48.4,46.1,41.9,42.0,41.4,39.6,39.5;
SERIES<FREQ A PER 1959 TO 1960>!
PCU325311A4.A=55.1,54.5;
SERIES<FREQ A PER 1947 TO 1960>!
PCU325411P.A=135.9,117.7,84.2,79.0,83.2,71.2,66.2,63.7,59.6,55.9,55.6,55.0,53.4,53.9;
SERIES<FREQ A PER 1947 TO 1960>!
PCU325620P.A=43.4,43.6,44.1,44.6,47.2,47.1,47.3,47.2,47.3,48.5,49.8,50.8,51.4,51.7;
SERIES<FREQ A PER 1947 TO 1960>!
PCU325920P.A=23.5,24.4,25.1,25.8,27.9,28.4,29.1,29.6,30.4,31.8,33.3,34.0,35.0,36.0;
SERIES<FREQ A PER 1947 TO 1960>!
PCU32621103.A=27.1,27.7,26.2,32.0,39.2,36.7,34.7,35.5,40.1,42.5,41.3,41.8,40.3,41.9;
SERIES<FREQ A PER 1947 TO 1960>!
PCU32799311.A=27.2,28.4,28.3,28.5,29.0,29.6,30.1,30.2,30.2,30.1,29.9,29.9,29.9,29.9;
SERIES<FREQ A PER 1947 TO 1960>!
PCU3313132.A=19.1,20.0,21.6,22.5,24.2,24.7,26.5,27.7,30.0,33.1,34.9,34.2,34.0,35.7;
SERIES<FREQ A PER 1947 TO 1960>!
PCU331313P.A=19.1,20.0,21.6,22.5,24.2,24.7,26.5,27.7,30.0,33.1,34.9,34.2,34.0,35.7;
SERIES<FREQ A PER 1947 TO 1960>!
PCU332321.A=24.2,25.3,25.8,27.6,30.4,29.6,30.8,32.5,35.0,36.6,35.3,35.6,33.9,33.3;
SERIES<FREQ A PER 1947 TO 1960>!
PCU332321P.A=24.2,25.3,25.8,27.6,30.4,29.6,30.8,32.5,35.0,36.6,35.3,35.6,33.9,33.3;
SERIES<FREQ A PER 1947 TO 1960>!
PCU3324393.A=15.3,16.9,17.2,18.6,19.7,19.8,21.8,23.2,24.1,25.8,28.1,28.2,29.1,27.8;
SERIES<FREQ A PER 1947 TO 1960>!
PCU332913.A=18.7,18.8,17.8,18.5,21.2,20.7,21.2,21.5,23.3,26.1,25.3,24.7,26.2,26.4;
SERIES<FREQ A PER 1947 TO 1960>!
PCU332913P.A=18.7,18.8,17.8,18.5,21.2,20.7,21.2,21.5,23.3,26.1,25.3,24.7,26.2,26.4;
SERIES<FREQ A PER 1947 TO 1960>!
PCU332991.A=24.2,25.5,27.4,27.9,29.0,29.0,30.0,29.7,31.6,35.3,37.7,36.4,35.0,34.3;
SERIES<FREQ A PER 1926 TO 1960>!
PCU333111.A=13.7,13.6,13.6,13.5,13.0,12.6,11.6,11.4,12.3,12.8,12.9,12.9,13.1,12.8,12.7,12.8,13.3,13.3,13.3,13.4,14.3,16.6,18.6,19.9,20.3,22.0,22.3,22.5,22.4,22.6,23.4,24.5,25.6,26.3,26.8;
SERIES<FREQ A PER 1947 TO 1960>!
PCU333131P.A=11.5,12.6,13.5,14.6,16.5,16.5,17.4,18.5,19.4,21.6,23.7,25.0,26.2,26.5;
SERIES<FREQ A PER 1947 TO 1960>!
PCU33351544.A=16.5,17.1,18.3,19.5,22.2,21.3,20.9,21.4,23.4,24.5,25.2,25.4,26.7,27.3;
SERIES<FREQ A PER 1947 TO 1960>!
PCU333612.A=13.2,14.8,15.6,16.1,18.3,18.1,18.7,19.4,20.5,22.7,24.6,25.0,25.6,26.6;
SERIES<FREQ A PER 1947 TO 1960>!
PCU3339211.A=25.8,27.4,28.7,28.6,30.9,31.1,31.5,32.1,32.9,35.0,37.7,38.0,38.0,38.2;
SERIES<FREQ A PER 1947 TO 1960>!
PCU333991P.A=29.3,30.8,31.7,32.3,34.8,34.7,35.7,36.4,37.6,39.5,41.2,42.1,43.9,44.1;
SERIES<FREQ A PER 1947 TO 1960>!
PCU334310.A=136.1,141.5,146.4,136.9,131.3,131.2,M,M,131.4,131.6,133.5,133.4,131.2,129.1;
SERIES<FREQ A PER 1947 TO 1960>!
PCU3352204.A=57.1,58.5,57.5,57.3,62.2,62.3,61.6,61.1,60.2,61.4,63.4,63.4,63.1,62.2;
SERIES<FREQ A PER 1950 TO 1960>!
PCU33522081.A=57.2,61.6,60.9,60.1,57.3,56.3,55.1,53.0,51.3,50.7,48.9;
SERIES<FREQ A PER 1947 TO 1960>!
PCU335312.A=22.7,23.1,23.1,24.3,28.0,27.8,28.3,28.4,28.2,30.6,32.6,33.5,33.3,32.8;
SERIES<FREQ A PER 1947 TO 1960>!
PCU335313P.A=17.7,18.7,19.5,21.0,24.5,23.7,24.2,25.2,26.0,28.7,31.2,32.2,32.9,32.7;
SERIES<FREQ A PER 1947 TO 1960>!
PCU335314P.A=16.5,17.6,18.4,20.4,23.1,23.0,23.6,25.0,25.6,28.5,31.4,32.6,34.4,35.4;
SERIES<FREQ A PER 1947 TO 1960>!
PCU335911.A=33.4,38.7,40.9,37.0,41.7,41.9,41.2,40.0,40.1,43.1,46.1,46.3,47.1,48.3;
SERIES<FREQ A PER 1947 TO 1960>!
PCU337124.A=41.4,44.8,45.6,45.8,50.5,48.7,49.4,48.9,48.2,49.3,49.9,50.0,51.2,51.7;
SERIES<FREQ A PER 1947 TO 1960>!
PCU3399930.A=39.3,39.1,33.6,33.0,37.2,33.3,32.6,33.4,31.7,32.8,33.7,33.7,33.6,33.4;
SERIES<FREQ A PER 1947 TO 1960>!
PCU339993P.A=39.3,39.1,33.6,33.0,37.2,33.3,32.6,33.4,31.7,32.8,33.7,33.7,33.6,33.4;
SERIES<FREQ M PER 1958M01 TO 1960M01>!
PCU22112242.M=25.9,25.9,25.9,25.9,25.9,25.9,25.9,26.1,26.1,26.1,26.1,26.1,26.1,26.1,26.1,26.1,26.1,26.1,26.1,26.1,26.1,26.1,26.1,26.2,26.2;
SERIES<FREQ M PER 1958M01 TO 1960M01>!
PCU22112243.M=17.4,17.4,17.4,17.4,17.4,17.4,17.4,17.5,17.5,17.5,17.5,17.5,17.5,17.5,17.5,17.5,17.5,17.5,17.5,17.5,17.5,17.5,17.5,17.6,17.6;
SERIES<FREQ M PER 1947M01 TO 1960M01>!
PCU311225P.M=56.9,58.4,64.7,63.9,57.4,54.3,52.5,50.8,48.0,51.5,54.8,59.8,60.7,58.4,55.9,57.8,61.1,62.5,60.1,56.3,54.7,52.7,50.2,49.4,47.5,44.3,42.0,39.7,38.8,38.8,38.5,40.3,41.2,40.0,38.4,37.0,36.2,36.6,38.4,39.5,40.6,40.5,41.2,44.3,45.1,44.7,47.3,50.8,53.8,54.9,55.0,54.9,53.6,51.1,46.8,45.8,45.6,45.1,44.5,44.4,43.4,41.0,40.6,39.7,38.4,39.9,40.3,40.5,41.3,41.7,41.4,41.7,42.7,42.6,43.1,43.4,44.2,43.2,43.0,42.6,41.1,41.1,43.0,43.1,42.8,41.6,42.5,43.1,44.6,44.6,44.6,44.6,44.6,43.2,42.4,42.7,42.6,42.7,41.9,41.9,42.0,42.8,42.8,41.5,40.9,40.7,39.7,39.5,40.2,41.1,43.3,43.8,47.2,45.2,43.8,43.6,42.6,42.8,44.0,45.7,45.8,46.1,45.6,44.0,43.5,43.4,43.1,43.0,43.0,43.2,43.2,43.7,44.1,44.1,43.8,43.5,43.5,42.5,42.2,41.7,41.5,41.1,40.6,39.2,39.2,38.3,37.8,37.8,37.8,38.1,38.3,37.8,37.9,37.6,36.8,36.3,36.4;
SERIES<FREQ M PER 1947M01 TO 1960M01>!
PCU3114111.M=46.3,44.6,44.6,44.3,44.3,44.3,42.5,40.5,40.5,40.7,40.7,40.7,41.0,40.8,40.8,40.8,40.8,40.8,41.8,41.6,41.6,41.6,41.6,41.6,41.4,41.4,41.5,41.8,41.9,41.1,38.9,39.1,39.1,39.1,38.9,38.7,38.9,39.5,39.1,39.1,39.1,42.4,43.1,40.8,40.8,40.4,40.6,40.8,41.0,41.0,41.0,41.0,41.2,41.2,41.2,41.8,41.7,41.7,41.4,38.3,38.3,38.3,38.3,38.3,38.1,36.1,35.7,36.3,37.6,37.6,37.6,37.4,37.6,37.6,37.6,37.6,35.4,35.6,37.0,36.8,36.8,37.7,37.7,37.6,37.3,37.0,36.8,37.0,37.4,37.8,37.7,37.7,38.0,37.6,37.6,37.6,37.5,36.8,37.7,37.0,37.0,36.4,36.8,35.5,35.6,36.1,36.1,36.1,36.8,38.6,36.8,36.8,37.0,38.1,37.4,37.7,37.8,38.9,38.1,38.6,38.1,39.2,39.2,36.4,34.2,32.3,32.3,33.6,33.4,33.4,33.4,36.4,38.6,39.0,41.9,43.4,43.5,46.5,46.3,46.3,45.7,45.7,46.0,46.4,39.0,39.0,39.0,38.2,41.7,41.7,42.2,42.4,42.4,42.4,42.4,35.2,35.2;
SERIES<FREQ M PER 1947M01 TO 1960M01>!
PCU3114114.M=41.4,41.6,41.9,42.2,42.4,42.5,42.7,42.8,43.2,42.7,43.1,43.2,43.3,43.4,43.5,43.5,43.7,43.8,43.9,44.0,45.9,45.9,45.9,45.9,45.9,45.9,45.9,44.6,44.6,44.6,44.6,44.2,44.2,41.7,41.7,41.7,41.7,41.7,41.7,41.7,41.7,41.7,41.7,42.5,39.9,39.9,39.9,40.2,40.3,40.3,40.3,40.3,40.3,40.3,40.3,40.3,40.3,40.3,40.3,40.8,40.8,40.1,40.1,40.1,40.1,40.1,40.1,40.1,40.1,38.8,38.8,36.9,36.9,36.9,36.9,36.9,34.2,34.2,35.5,35.5,35.5,34.1,34.1,34.1,34.3,34.3,34.3,37.2,37.2,37.2,37.2,37.7,37.7,37.5,37.8,37.8,37.8,37.8,38.4,37.6,36.3,36.2,37.6,39.0,41.0,41.0,40.4,40.4,41.0,41.0,40.1,41.0,41.0,41.0,41.0,39.2,39.2,38.0,37.0,37.0,37.0,37.0,37.0,37.0,37.0,37.0,37.0,37.0,37.0,37.0,37.0,37.0,37.0,37.0,34.6,37.0,37.0,37.0,36.8,36.8,36.8,36.8,38.0,38.0,38.0,38.0,38.0,38.0,38.0,37.0,37.0,37.0,37.0,37.0,37.0,39.5,39.5;
SERIES<FREQ M PER 1947M01 TO 1960M01>!
PCU311422.M=38.4,38.4,38.4,37.7,37.7,37.7,37.7,37.2,37.2,37.2,37.4,37.5,37.5,37.6,37.4,37.1,37.1,37.1,37.3,38.0,38.0,37.1,37.3,37.4,37.4,37.4,37.4,37.4,37.4,37.4,36.9,36.9,36.7,35.8,36.1,36.1,36.1,36.0,35.7,35.7,35.7,35.7,35.7,36.0,36.0,36.5,36.7,36.7,36.8,37.1,37.1,37.1,37.1,37.1,36.9,37.1,37.6,38.7,39.3,39.4,39.5,39.5,39.5,39.3,39.3,39.3,39.3,39.0,39.0,39.0,39.3,39.3,39.3,39.4,39.4,39.4,39.3,39.3,39.3,39.1,39.1,39.1,39.4,39.4,39.4,39.4,39.4,39.4,39.4,39.4,39.4,39.1,39.1,39.1,39.4,40.3,40.3,40.3,39.7,39.7,39.7,39.7,39.7,39.4,39.2,38.8,39.4,39.4,39.4,39.4,39.4,39.4,39.4,39.4,38.7,38.2,38.2,38.2,38.7,39.1,39.1,39.1,39.1,39.1,39.1,39.1,38.8,38.4,38.4,38.6,39.0,39.5,40.1,40.1,40.1,40.1,40.1,40.1,39.6,39.2,39.2,39.2,39.4,39.4,40.0,40.0,40.0,39.7,39.1,39.3,39.3,38.4,38.1,38.1,38.8,38.8,38.8;
SERIES<FREQ M PER 1947M01 TO 1960M01>!
PCU3114226.M=39.6,39.6,39.6,39.6,39.6,39.6,39.6,38.7,38.7,38.7,38.7,38.7,38.7,38.7,38.7,38.7,38.7,38.7,39.0,40.2,40.2,40.2,41.2,41.4,41.4,41.4,41.4,41.4,41.4,41.4,40.5,40.5,40.3,39.3,39.7,39.7,39.7,39.5,39.1,39.1,39.1,39.1,39.1,39.6,39.6,40.0,40.1,40.1,40.1,40.1,40.1,40.1,40.1,40.1,40.1,40.3,40.5,42.0,42.8,42.8,42.8,42.8,42.8,42.8,42.8,42.8,42.8,42.3,42.3,42.3,42.8,42.8,42.8,42.8,42.8,42.8,42.8,42.8,42.8,42.3,42.3,42.3,42.8,42.8,42.8,42.8,42.8,42.8,42.8,42.8,42.8,42.3,42.3,42.3,42.8,42.8,42.8,42.8,41.9,41.9,41.9,41.9,41.9,41.4,41.4,41.4,42.3,42.3,42.3,42.3,42.3,42.3,42.3,42.3,41.2,40.3,40.3,40.3,41.2,41.8,41.8,41.8,41.8,41.8,41.8,41.8,41.2,40.6,40.6,40.9,41.5,42.1,43.0,43.0,43.0,43.0,43.0,43.0,42.1,41.5,41.5,41.5,42.1,42.1,43.3,43.3,43.3,43.3,43.0,43.0,43.0,41.5,41.4,41.4,42.0,42.0,42.0;
SERIES<FREQ M PER 1947M01 TO 1960M01>!
PCU311513P.M=29.3,28.1,27.8,26.8,22.8,23.8,24.7,26.3,27.1,29.3,29.5,30.9,31.8,32.3,29.6,30.1,32.5,33.3,35.3,33.1,30.4,27.7,26.7,27.2,25.3,22.9,22.0,22.1,22.7,22.9,21.7,23.6,23.5,23.3,23.5,23.5,23.0,23.5,22.8,22.2,22.2,22.9,22.8,23.0,23.2,23.7,24.2,26.3,29.8,30.1,28.7,26.8,28.0,28.5,27.2,27.7,26.8,27.7,28.5,29.6,28.9,28.8,28.3,27.8,28.5,29.0,29.1,29.5,31.2,31.0,30.8,28.0,27.8,27.5,27.1,26.5,26.5,26.9,26.6,26.6,26.8,27.8,27.5,26.8,26.3,26.0,25.6,23.6,23.5,24.1,24.0,24.3,24.6,24.7,24.4,24.3,24.0,24.0,24.0,24.0,24.3,24.2,24.3,24.0,24.1,24.4,24.3,24.0,23.8,23.7,23.7,24.4,25.3,25.6,25.2,25.2,25.0,25.2,25.0,25.0,25.0,25.0,25.1,24.9,25.2,25.4,25.2,25.2,25.4,25.4,25.2,25.2,25.0,25.0,25.0,23.7,24.1,24.7,24.3,24.3,24.4,24.8,24.6,24.0,23.9,23.9,23.9,23.8,23.7,24.0,23.8,24.0,24.0,24.0,25.0,26.2,26.2;
SERIES<FREQ M PER 1947M01 TO 1960M01>!
PCU3119990G.M=60.8,63.1,66.5,69.1,69.7,68.8,68.8,68.6,68.2,68.7,69.2,70.0,70.3,69.5,69.7,68.9,69.2,69.5,69.1,68.6,68.2,67.3,67.7,68.2,69.7,69.5,68.9,69.8,70.2,70.0,70.4,71.3,72.3,72.8,70.7,66.3,55.0,53.8,53.4,52.5,50.0,50.5,53.2,54.8,54.3,56.8,57.8,62.9,63.2,64.6,63.6,66.1,71.0,68.2,63.5,61.2,62.8,62.0,62.4,64.6,61.7,55.2,54.4,53.9,55.8,60.5,65.2,67.3,65.7,65.8,67.3,68.2,71.4,70.7,73.1,77.3,79.6,76.4,75.7,77.9,78.2,79.9,77.4,79.6,76.3,74.4,65.8,58.5,58.2,57.4,56.1,55.1,51.5,49.5,50.5,51.0,52.9,64.5,63.7,63.6,59.9,58.4,55.9,56.6,57.7,58.3,57.7,62.2,65.5,64.9,63.6,68.1,66.8,64.0,62.7,60.6,60.8,57.4,55.2,56.2,53.5,53.6,51.9,51.7,51.4,52.6,51.6,53.0,56.9,59.0,62.8,64.9,59.9,59.0,61.7,64.8,64.3,63.6,61.9,56.2,59.3,59.6,62.9,62.0,62.0,62.0,54.7,50.4,49.5,52.3,51.1,49.9,48.3,47.6,49.3,48.4,49.6;
SERIES<FREQ M PER 1926M01 TO 1960M01>!
PCU312111P.M=17.5,17.5,17.5,17.5,17.5,17.5,17.5,17.5,17.5,17.5,17.5,17.5,17.5,17.5,17.5,17.5,17.5,17.5,17.5,17.5,17.5,17.5,17.5,17.5,17.5,17.5,17.5,17.5,17.5,17.5,17.5,17.5,17.5,17.5,17.5,17.5,17.5,17.5,17.5,17.5,17.5,17.5,17.5,17.5,17.5,17.5,17.5,17.5,17.5,17.5,17.5,17.5,17.5,17.5,17.5,17.5,17.5,17.5,17.4,17.4,17.4,17.4,17.4,16.0,16.0,16.0,16.0,16.0,16.0,16.0,15.9,15.3,15.2,15.2,15.2,15.2,15.2,15.2,15.5,15.9,15.9,15.9,15.2,15.2,15.1,15.1,15.1,15.1,15.1,15.1,15.1,15.1,15.1,15.1,15.1,15.1,15.1,15.1,15.1,15.1,15.1,15.1,15.1,15.1,15.1,15.1,15.1,15.1,15.1,15.1,15.1,15.2,15.2,15.2,15.2,15.2,15.2,15.2,15.2,15.2,15.2,15.2,15.2,14.4,13.5,13.5,13.5,13.5,13.5,13.6,13.6,13.6,13.6,13.6,13.6,13.6,13.6,13.6,13.6,13.6,13.6,13.6,13.6,13.6,13.6,13.6,13.6,13.6,13.6,13.6,13.6,13.6,13.6,13.6,13.6,13.6,13.6,13.6,13.6,13.6,13.6,13.6,13.6,13.6,13.6,13.6,13.6,13.6,13.6,13.6,13.6,13.6,13.6,13.6,13.6,13.6,13.6,13.6,13.6,13.6,13.6,13.6,13.6,13.6,13.6,13.6,13.6,13.6,13.6,13.6,13.6,13.6,13.6,13.6,13.6,13.6,13.6,13.6,13.6,13.6,13.6,13.6,13.6,13.6,14.0,14.0,14.0,14.0,14.0,14.0,14.0,14.0,14.0,14.0,14.0,14.0,14.0,14.0,14.0,14.0,14.0,14.0,14.0,14.0,14.0,14.0,14.0,14.0,14.0,14.0,14.0,14.0,14.0,14.0,14.0,14.0,14.0,14.0,14.0,14.1,14.1,14.1,14.1,14.1,14.1,14.1,15.0,14.1,14.1,14.1,15.6,15.6,15.6,15.6,15.6,15.6,15.6,15.6,15.6,15.6,15.6,15.6,15.6,15.6,15.6,15.6,15.6,15.6,15.6,15.6,15.6,15.7,15.9,15.9,15.9,15.9,15.9,15.9,15.9,15.9,15.9,15.7,15.6,15.6,15.6,15.6,15.6,15.6,15.7,15.8,15.8,15.8,15.8,15.8,15.8,15.9,15.9,15.9,15.9,17.4,18.8,18.8,18.8,18.8,18.8,18.8,18.8,18.8,18.8,18.8,18.8,18.8,18.8,18.8,18.8,18.8,18.8,18.8,18.8,18.8,18.8,18.8,18.8,18.8,18.8,18.8,18.8,18.8,18.8,18.9,19.6,19.6,19.6,19.6,19.6,19.6,19.6,19.6,19.6,23.2,23.2,23.2,23.2,23.2,23.2,23.2,23.2,23.2,23.2,23.2,23.2,23.2,23.2,23.2,23.2,23.2,23.2,23.2,23.2,23.2,23.2,23.2,23.2,23.2,23.2,23.2,23.3,23.3,23.3,23.3,23.3,23.3,23.3,23.3,23.4,23.4,23.4,23.4,23.4,23.4,23.4,23.4,23.4,23.4,23.4,23.4,23.4,23.4,23.4,23.4,23.4,23.4,23.4,23.4,23.4,23.4,23.4,23.4,26.9,26.9,26.9,26.9,26.9,26.9,26.9,26.9,26.9,26.9,26.9;
SERIES<FREQ M PER 1947M01 TO 1960M01>!
PCU3121205.M=34.8,35.2,35.2,35.2,35.2,35.2,35.2,35.2,35.7,35.7,36.1,36.1,36.9,37.6,37.6,37.6,37.6,37.9,38.0,38.0,38.0,38.0,38.0,38.0,38.0,38.0,38.0,38.0,38.0,38.0,38.0,38.0,38.0,38.0,38.0,38.0,38.0,38.0,38.0,38.0,38.0,38.0,38.0,38.1,38.5,39.9,41.2,41.2,41.2,41.2,41.2,41.2,41.2,41.2,41.0,41.0,41.0,41.0,41.0,41.0,41.0,43.7,43.7,43.7,43.7,43.7,43.7,43.7,43.7,43.7,43.7,43.7,43.7,43.7,43.7,43.7,43.7,43.7,43.7,43.7,44.4,46.3,46.3,46.3,46.3,46.3,46.3,46.3,46.3,46.3,46.3,46.3,46.3,46.3,46.3,46.3,46.3,46.3,46.3,46.3,46.3,46.3,46.3,46.3,46.3,46.3,46.3,46.3,46.4,46.4,46.4,46.4,46.4,46.4,46.4,47.3,47.3,47.3,47.9,47.9,47.9,47.9,47.9,47.9,47.9,47.9,47.9,47.9,47.9,47.9,47.9,47.9,47.9,47.9,47.9,47.9,47.9,47.9,47.9,47.9,47.9,48.9,48.9,48.9,48.9,48.9,48.9,48.9,48.9,48.9,48.9,48.3,48.3,48.2,48.2,48.2,48.3;
SERIES<FREQ M PER 1947M01 TO 1960M01>!
PCU324110C.M=6.8,6.8,7.4,7.9,8.0,8.1,8.3,8.6,8.4,8.6,9.3,10.0,11.1,11.3,11.3,11.3,11.3,11.3,11.3,11.3,11.4,11.5,11.5,11.3,11.2,10.6,10.0,9.4,9.1,8.9,8.7,9.0,9.6,9.7,9.6,9.7,9.8,9.8,9.7,9.7,9.7,9.8,9.8,10.0,10.4,10.5,10.6,10.6,10.7,10.7,10.8,10.8,10.7,10.7,10.9,10.9,10.9,11.0,11.0,11.0,11.0,11.0,11.0,10.9,10.9,10.9,11.0,10.8,10.9,10.9,10.9,10.9,10.9,10.8,11.2,11.2,11.0,11.0,11.6,11.5,11.5,11.6,11.7,11.5,11.5,11.9,11.8,11.6,11.4,11.4,10.8,11.1,11.1,11.4,11.4,11.7,12.1,12.1,12.1,12.0,11.7,11.5,11.4,11.5,11.5,11.4,11.5,11.7,12.3,12.4,12.4,12.2,12.2,12.1,12.1,12.0,12.0,12.2,12.3,12.5,13.1,13.7,13.6,13.6,13.3,13.0,12.7,12.5,12.4,12.4,12.4,12.4,12.3,12.0,11.8,11.5,11.4,11.4,11.5,11.8,12.1,12.1,12.1,12.4,13.0,13.5,13.2,12.8,12.3,11.6,11.4,11.2,10.9,11.2,11.4,12.0,12.2;
SERIES<FREQ M PER 1947M01 TO 1960M01>!
PCU324110E.M=8.6,8.8,9.3,10.2,10.3,10.6,10.9,10.9,11.0,11.0,11.9,12.9,14.7,14.7,14.7,14.7,14.7,14.7,14.5,14.0,13.5,13.5,12.9,12.2,11.1,9.5,9.1,8.3,7.7,7.2,7.2,7.8,7.4,8.0,8.2,8.4,8.8,9.2,8.8,9.1,9.5,9.6,10.0,10.2,10.2,10.2,10.2,10.5,10.7,10.7,10.7,10.7,10.7,11.0,11.1,11.1,11.1,11.0,10.9,10.9,10.9,10.7,10.7,10.5,10.4,10.1,9.6,8.9,8.9,8.9,8.9,8.9,8.9,8.7,8.8,9.1,9.1,9.2,10.0,10.0,10.0,10.2,10.5,10.6,10.7,10.6,10.2,10.1,10.0,9.9,9.8,10.0,10.0,10.3,10.5,10.7,10.8,11.0,11.0,11.0,11.1,11.3,11.4,12.0,12.0,12.0,12.2,12.3,12.5,12.8,12.9,12.9,12.9,12.9,13.0,13.0,13.0,13.0,13.1,14.8,15.6,16.2,16.2,16.0,16.2,16.0,15.6,15.3,15.0,14.7,14.7,14.7,14.3,12.9,12.3,12.2,12.1,12.1,12.1,12.3,12.3,11.2,11.4,11.6,11.5,11.9,11.9,11.9,11.9,11.5,11.5,11.4,11.1,11.1,11.3,11.5,11.6;
SERIES<FREQ M PER 1947M01 TO 1960M01>!
PCU325211P.M=38.5,38.5,38.5,38.5,38.8,38.8,38.8,38.8,38.8,38.8,38.5,38.5,38.9,38.5,37.8,37.8,37.8,37.8,38.8,38.7,38.8,38.9,38.9,38.9,39.4,39.4,38.9,38.9,38.9,38.9,38.9,38.9,38.9,38.9,39.0,39.0,38.8,39.3,38.7,38.7,38.6,38.6,38.6,38.6,39.7,39.8,40.5,40.7,47.5,48.5,49.0,49.0,49.0,49.0,49.0,49.0,49.2,49.2,49.4,49.4,49.4,48.8,48.6,48.6,48.6,48.5,48.5,48.5,48.5,48.5,48.5,48.6,48.6,48.6,48.6,48.6,48.6,48.6,48.6,48.8,49.0,49.0,49.0,49.0,48.6,48.4,48.4,48.4,48.4,48.4,48.4,48.3,48.3,48.3,48.1,48.1,47.9,47.9,47.9,47.9,47.9,47.9,44.3,44.3,44.3,44.4,44.4,44.4,42.1,42.1,42.1,42.0,42.0,42.0,42.0,42.0,41.7,41.7,41.7,41.7,41.7,42.0,42.0,42.0,42.0,41.9,41.9,42.1,42.1,42.1,41.9,42.1,42.1,42.1,41.9,41.9,41.9,41.9,41.6,40.8,40.8,40.8,40.8,40.2,40.2,40.2,39.5,39.5,39.5,39.5,39.5,39.5,39.5,39.5,39.5,39.5,39.5;
SERIES<FREQ M PER 1959M01 TO 1960M01>!
PCU325311A4.M=58.5,54.8,54.8,54.8,54.8,54.8,54.8,54.8,54.8,54.8,54.8,54.8,54.8;
SERIES<FREQ M PER 1947M01 TO 1960M01>!
PCU325411P.M=144.8,145.0,143.8,135.0,134.6,131.8,129.8,129.3,127.6,130.0,139.6,140.2,125.5,125.9,123.5,123.5,121.6,121.5,120.5,119.6,115.9,105.1,105.1,104.6,90.8,92.1,89.0,84.0,84.1,84.3,82.5,81.3,81.2,80.4,80.2,79.8,78.8,77.5,77.0,77.0,76.8,76.9,77.5,78.6,80.1,82.0,82.3,84.0,85.2,85.0,84.7,84.1,83.5,83.5,83.4,83.4,83.4,83.3,79.5,79.4,77.2,74.0,72.2,71.7,71.1,70.9,70.7,70.6,70.6,70.2,69.6,66.0,66.8,66.5,66.5,67.0,66.9,66.8,66.9,66.8,66.1,65.0,64.7,64.7,64.7,64.2,64.0,64.2,64.3,64.4,64.0,64.4,64.3,61.9,61.7,61.8,61.9,60.8,60.5,60.7,60.7,60.1,59.7,58.6,58.6,58.2,57.9,57.9,57.9,56.1,55.4,55.5,55.9,56.0,56.0,56.0,55.4,55.4,55.4,56.0,56.0,56.6,56.7,56.7,55.2,55.2,55.2,55.2,55.4,55.2,55.2,55.2,55.2,55.0,55.5,55.4,55.4,55.5,55.4,55.4,55.2,53.8,53.7,53.7,53.1,53.6,53.6,53.3,53.6,53.4,53.7,53.4,53.0,53.2,53.2,53.0,52.8;
SERIES<FREQ M PER 1947M01 TO 1960M01>!
PCU325620P.M=43.5,43.5,43.5,43.5,43.5,43.5,43.5,43.5,43.5,43.5,43.4,43.2,43.2,43.2,43.2,43.2,43.2,43.2,43.2,44.4,44.1,44.1,44.1,44.1,44.1,44.1,44.1,44.1,44.2,44.2,44.2,44.2,44.2,44.2,44.2,43.6,43.9,43.9,43.9,43.9,43.9,43.9,43.9,44.7,44.8,45.4,46.4,47.0,47.2,47.2,47.2,47.2,47.2,47.2,47.2,47.2,47.2,47.2,47.2,47.2,47.2,47.1,47.1,47.1,47.1,47.1,47.1,47.1,47.1,47.0,47.0,47.0,47.0,47.0,47.3,47.4,47.4,47.4,47.4,47.2,47.2,47.2,47.2,47.2,47.2,47.0,47.0,47.2,47.2,47.2,47.2,47.2,47.2,47.2,47.2,47.2,47.2,47.2,47.2,47.2,47.3,47.3,47.3,47.3,47.3,47.3,47.5,47.5,47.9,47.9,47.9,48.4,48.4,48.4,48.4,48.2,48.2,48.6,50.1,49.8,49.8,49.8,49.8,49.8,49.8,49.4,49.5,49.6,49.9,50.0,50.0,50.5,50.5,50.5,50.5,50.8,50.9,50.9,50.9,50.9,50.9,50.9,51.1,51.1,51.2,51.2,51.2,51.2,51.2,51.2,51.5,51.5,51.5,51.5,51.5,51.5,51.7;
SERIES<FREQ M PER 1947M01 TO 1960M01>!
PCU325920P.M=22.3,23.4,23.6,23.6,23.6,23.6,23.6,23.6,23.7,23.7,23.7,23.7,23.8,23.8,23.8,23.8,23.9,23.9,24.7,24.9,25.0,25.1,25.1,25.1,25.1,25.2,25.2,25.1,25.2,25.2,25.2,25.2,25.2,25.2,25.2,25.2,25.2,25.2,25.2,25.2,25.2,25.2,25.2,26.2,26.3,26.3,26.5,27.9,27.9,27.9,27.9,27.9,27.9,27.9,27.9,27.9,27.9,27.9,27.9,27.9,27.9,28.4,28.4,28.4,28.4,28.4,28.4,28.4,28.4,28.4,28.4,28.4,28.4,28.4,28.4,28.4,28.4,29.6,29.6,29.6,29.6,29.6,29.6,29.6,29.6,29.6,29.6,29.6,29.6,29.6,29.6,29.6,29.6,29.6,29.6,29.6,29.6,29.6,29.6,30.0,30.0,30.0,30.0,30.7,31.0,31.5,31.5,31.5,31.5,31.5,31.5,31.5,31.5,31.5,31.5,31.6,31.6,32.3,32.6,32.6,32.6,32.6,32.6,32.6,32.6,32.6,33.9,34.0,34.0,34.0,34.0,34.0,34.0,34.0,34.0,34.0,34.0,34.0,34.0,34.0,34.1,34.1,34.1,34.1,34.1,34.1,34.0,34.9,35.4,35.4,35.4,35.3,35.3,35.3,35.4,35.4,35.4;
SERIES<FREQ M PER 1947M01 TO 1960M01>!
PCU32621103.M=28.5,28.4,28.4,28.4,28.4,26.8,25.7,25.7,25.7,25.7,25.8,27.0,27.0,27.0,27.0,27.0,27.0,27.0,28.4,28.4,28.4,28.4,28.4,28.4,27.6,26.7,26.6,26.6,26.5,26.5,25.1,25.1,25.1,25.2,26.0,26.9,26.9,26.9,26.9,28.0,28.7,29.5,30.6,34.8,36.5,36.9,39.3,39.3,39.3,39.3,39.3,39.3,39.3,39.3,39.3,39.3,39.3,39.3,39.3,39.0,39.0,39.0,39.0,38.7,38.7,37.3,36.8,34.4,34.4,34.4,34.4,34.4,34.4,34.4,34.4,34.4,34.4,34.4,34.4,34.4,34.4,35.7,35.7,35.7,35.7,35.7,35.7,35.1,35.1,35.1,35.1,35.3,35.3,35.3,36.2,36.2,38.0,39.3,39.3,39.3,39.3,39.3,39.3,40.6,40.6,40.6,42.7,42.7,42.7,42.7,42.7,42.7,42.7,42.7,41.0,42.5,42.5,42.5,42.5,42.5,40.8,40.8,40.8,40.8,40.8,40.8,40.8,42.1,42.1,42.1,42.1,42.1,41.3,41.3,41.3,41.3,41.3,41.3,41.3,42.5,42.5,42.5,42.5,42.5,41.9,41.9,41.9,41.9,41.9,39.4,39.4,39.4,39.4,38.6,38.6,38.6,38.6;
SERIES<FREQ M PER 1947M01 TO 1960M01>!
PCU32799311.M=27.1,27.1,27.2,27.2,27.2,27.2,27.2,27.2,27.2,27.2,27.2,27.6,27.7,27.8,27.8,28.2,28.2,28.7,28.8,28.8,28.8,28.8,28.3,28.3,28.3,28.3,28.3,28.3,28.3,28.3,28.3,28.3,28.3,28.3,28.3,28.3,28.3,28.3,28.3,28.3,28.3,28.3,28.3,28.3,29.0,29.0,29.0,29.0,29.0,29.0,29.0,29.0,29.0,29.0,29.0,29.0,29.0,29.0,29.2,29.3,29.3,29.3,29.3,29.6,29.6,29.6,29.6,29.6,29.7,29.9,29.7,30.0,30.0,30.0,30.0,30.0,30.0,30.0,30.2,30.2,30.2,30.2,30.2,30.2,30.2,30.2,30.2,30.2,30.2,30.2,30.2,30.2,30.2,30.2,30.2,30.2,30.2,30.2,30.2,30.2,30.2,30.2,30.2,30.2,30.2,30.2,30.2,30.2,30.2,30.2,30.2,30.2,30.2,30.2,30.2,30.2,29.9,29.9,29.9,29.9,29.9,29.9,29.9,29.9,29.9,29.9,29.9,29.9,29.9,29.9,29.9,29.9,29.9,29.9,29.9,29.9,29.9,29.9,29.9,29.9,29.9,29.9,29.9,29.9,29.9,29.9,29.9,29.9,29.9,29.9,29.9,29.9,29.9,29.9,29.9,29.9,29.9;
SERIES<FREQ M PER 1947M01 TO 1960M01>!
PCU3313132.M=19.1,19.1,19.1,19.1,19.1,19.1,19.1,19.1,19.1,19.1,19.1,19.1,19.1,19.1,19.1,19.1,19.1,19.3,20.3,20.3,20.3,21.3,21.6,21.6,21.6,21.6,21.6,21.6,21.6,21.6,21.6,21.6,21.6,21.6,21.6,21.6,21.6,21.6,21.6,21.6,21.9,22.2,22.2,22.2,22.2,24.2,24.2,24.2,24.2,24.2,24.2,24.2,24.2,24.2,24.2,24.2,24.2,24.2,24.2,24.2,24.2,24.2,24.2,24.2,24.2,24.2,24.2,25.4,25.4,25.4,25.4,25.4,25.4,26.0,26.0,26.0,26.0,26.0,26.0,27.3,27.3,27.3,27.3,27.3,27.3,27.3,27.3,27.3,27.3,27.3,27.3,28.2,28.2,28.2,28.2,28.2,28.8,29.5,29.5,29.5,29.5,29.5,29.5,31.0,31.0,31.0,31.0,31.0,31.0,31.0,31.0,32.9,32.9,32.9,32.9,34.4,34.4,34.4,34.4,34.4,34.4,34.4,34.4,34.4,34.4,34.4,34.4,35.7,35.7,35.7,35.7,35.7,35.7,35.7,35.7,33.2,33.2,33.2,33.2,34.0,34.0,34.0,34.0,34.0,34.0,34.0,34.0,34.0,34.0,34.0,34.0,34.0,34.0,34.0,34.0,34.0,35.7;
SERIES<FREQ M PER 1947M01 TO 1960M01>!
PCU331313P.M=19.1,19.1,19.1,19.1,19.1,19.1,19.1,19.1,19.1,19.1,19.1,19.1,19.1,19.1,19.1,19.1,19.1,19.3,20.3,20.3,20.3,21.3,21.6,21.6,21.6,21.6,21.6,21.6,21.6,21.6,21.6,21.6,21.6,21.6,21.6,21.6,21.6,21.6,21.6,21.6,21.9,22.2,22.2,22.2,22.2,24.2,24.2,24.2,24.2,24.2,24.2,24.2,24.2,24.2,24.2,24.2,24.2,24.2,24.2,24.2,24.2,24.2,24.2,24.2,24.2,24.2,24.2,25.4,25.4,25.4,25.4,25.4,25.4,26.0,26.0,26.0,26.0,26.0,26.0,27.3,27.3,27.3,27.3,27.3,27.3,27.3,27.3,27.3,27.3,27.3,27.3,28.2,28.2,28.2,28.2,28.2,28.8,29.5,29.5,29.5,29.5,29.5,29.5,31.0,31.0,31.0,31.0,31.0,31.0,31.0,31.0,32.9,32.9,32.9,32.9,34.4,34.4,34.4,34.4,34.4,34.4,34.4,34.4,34.4,34.4,34.4,34.4,35.7,35.7,35.7,35.7,35.7,35.7,35.7,35.7,33.2,33.2,33.2,33.2,34.0,34.0,34.0,34.0,34.0,34.0,34.0,34.0,34.0,34.0,34.0,34.0,34.0,34.0,34.0,34.0,34.0,35.7;
SERIES<FREQ M PER 1947M01 TO 1960M01>!
PCU332321.M=23.8,23.8,23.8,23.8,23.8,23.8,24.0,24.4,24.9,24.9,24.9,24.9,25.2,25.2,25.2,25.2,24.6,24.5,24.5,25.8,25.8,25.8,25.8,25.8,25.8,25.8,25.8,25.8,25.8,25.8,25.8,25.8,25.8,25.8,25.8,25.8,25.8,27.0,27.0,27.0,27.0,27.0,27.0,27.0,27.0,29.6,29.6,30.7,31.1,31.1,31.1,31.1,31.1,31.1,30.2,29.6,29.6,29.6,29.6,29.6,29.6,29.6,29.6,29.6,29.6,29.6,29.6,29.6,29.6,29.6,29.6,29.6,29.6,29.6,29.6,29.6,29.6,30.0,32.0,32.0,32.0,32.0,32.0,32.0,32.0,32.0,32.0,32.0,32.0,32.0,32.0,33.0,33.3,33.3,33.3,33.3,33.3,33.3,33.3,33.5,33.5,33.5,36.2,36.8,36.8,36.7,36.7,36.7,36.7,36.7,36.7,36.7,35.4,35.4,35.1,37.1,37.3,37.3,37.3,37.3,35.0,34.7,34.7,34.7,34.7,34.7,35.8,35.8,35.8,35.8,35.8,35.8,35.8,35.8,35.8,35.8,35.8,35.8,35.7,35.7,35.2,35.2,35.2,35.2,35.2,35.2,33.7,33.7,33.7,33.7,33.7,33.7,33.7,33.7,33.7,33.7,33.8;
SERIES<FREQ M PER 1947M01 TO 1960M01>!
PCU332321P.M=23.8,23.8,23.8,23.8,23.8,23.8,24.0,24.4,24.9,24.9,24.9,24.9,25.2,25.2,25.2,25.2,24.6,24.5,24.5,25.8,25.8,25.8,25.8,25.8,25.8,25.8,25.8,25.8,25.8,25.8,25.8,25.8,25.8,25.8,25.8,25.8,25.8,27.0,27.0,27.0,27.0,27.0,27.0,27.0,27.0,29.6,29.6,30.7,31.1,31.1,31.1,31.1,31.1,31.1,30.2,29.6,29.6,29.6,29.6,29.6,29.6,29.6,29.6,29.6,29.6,29.6,29.6,29.6,29.6,29.6,29.6,29.6,29.6,29.6,29.6,29.6,29.6,30.0,32.0,32.0,32.0,32.0,32.0,32.0,32.0,32.0,32.0,32.0,32.0,32.0,32.0,33.0,33.3,33.3,33.3,33.3,33.3,33.3,33.3,33.5,33.5,33.5,36.2,36.8,36.8,36.7,36.7,36.7,36.7,36.7,36.7,36.7,35.4,35.4,35.1,37.1,37.3,37.3,37.3,37.3,35.0,34.7,34.7,34.7,34.7,34.7,35.8,35.8,35.8,35.8,35.8,35.8,35.8,35.8,35.8,35.8,35.8,35.8,35.7,35.7,35.2,35.2,35.2,35.2,35.2,35.2,33.7,33.7,33.7,33.7,33.7,33.7,33.7,33.7,33.7,33.7,33.8;
SERIES<FREQ M PER 1947M01 TO 1960M01>!
PCU3324393.M=14.4,14.4,14.4,14.4,14.4,14.4,14.4,16.4,16.4,16.4,16.4,16.4,16.6,16.6,16.6,16.6,16.6,16.6,16.8,17.2,17.2,17.2,17.2,17.2,17.2,17.2,17.2,17.2,17.2,17.2,17.2,17.2,17.2,17.2,17.2,17.2,18.4,18.5,18.5,18.5,18.5,18.5,18.5,18.5,18.5,18.5,18.5,19.6,19.7,19.7,19.7,19.7,19.7,19.7,19.7,19.7,19.7,19.7,19.7,19.7,19.5,19.5,19.5,19.5,19.5,19.5,19.5,19.7,20.2,20.2,20.2,20.2,20.2,20.2,20.2,21.2,21.2,21.2,22.8,22.8,22.8,22.8,22.8,22.8,22.8,22.8,22.8,22.8,22.8,22.8,23.0,23.6,23.6,23.6,23.6,23.6,23.6,23.6,23.6,23.6,23.3,23.3,23.3,24.9,24.9,24.9,24.9,24.9,24.9,24.9,24.9,24.9,24.9,24.9,24.9,25.8,27.4,27.4,27.4,27.4,27.4,27.4,28.2,28.2,28.2,28.2,28.2,28.2,28.2,28.2,28.2,28.2,27.8,27.8,27.8,27.8,27.8,27.8,27.8,27.8,28.5,29.1,29.1,29.1,29.1,29.1,29.1,29.1,29.1,29.1,29.1,29.1,29.1,29.1,29.1,29.1,29.1;
SERIES<FREQ M PER 1947M01 TO 1960M01>!
PCU332913.M=17.4,18.5,18.8,18.8,18.8,18.9,18.9,18.8,18.8,18.8,18.8,18.8,18.8,18.8,18.8,18.8,18.9,18.9,18.8,18.8,18.8,18.8,18.8,18.7,18.5,18.2,18.1,18.0,17.7,17.7,17.7,17.7,17.7,17.7,17.7,17.5,17.5,17.5,17.4,17.4,17.5,17.6,17.6,18.7,19.0,20.0,20.9,21.2,21.3,21.3,21.3,21.3,21.3,21.3,21.3,21.2,21.0,21.0,21.0,20.9,20.6,20.6,20.6,20.4,20.3,20.8,20.9,20.9,20.9,20.9,20.9,20.9,20.9,20.9,20.9,20.9,20.9,20.8,21.3,21.6,21.6,21.4,21.4,21.4,21.4,21.4,21.4,21.4,21.4,21.5,21.5,21.5,21.5,21.6,21.6,21.6,21.6,21.6,22.7,22.7,22.7,22.7,22.7,23.9,23.9,24.3,25.5,25.5,25.5,25.5,25.5,26.2,26.6,26.4,26.4,26.4,26.3,26.3,26.3,26.3,26.3,26.3,25.8,25.6,25.2,25.0,25.0,25.0,25.0,24.9,24.9,24.9,24.9,24.9,24.9,24.9,24.4,24.7,24.1,24.1,24.8,25.0,25.0,25.1,25.1,25.3,25.8,26.0,26.6,26.6,26.6,26.6,26.6,26.6,26.6,26.6,26.6;
SERIES<FREQ M PER 1947M01 TO 1960M01>!
PCU332913P.M=17.4,18.5,18.8,18.8,18.8,18.9,18.9,18.8,18.8,18.8,18.8,18.8,18.8,18.8,18.8,18.8,18.9,18.9,18.8,18.8,18.8,18.8,18.8,18.7,18.5,18.2,18.1,18.0,17.7,17.7,17.7,17.7,17.7,17.7,17.7,17.5,17.5,17.5,17.4,17.4,17.5,17.6,17.6,18.7,19.0,20.0,20.9,21.2,21.3,21.3,21.3,21.3,21.3,21.3,21.3,21.2,21.0,21.0,21.0,20.9,20.6,20.6,20.6,20.4,20.3,20.8,20.9,20.9,20.9,20.9,20.9,20.9,20.9,20.9,20.9,20.9,20.9,20.8,21.3,21.6,21.6,21.4,21.4,21.4,21.4,21.4,21.4,21.4,21.4,21.5,21.5,21.5,21.5,21.6,21.6,21.6,21.6,21.6,22.7,22.7,22.7,22.7,22.7,23.9,23.9,24.3,25.5,25.5,25.5,25.5,25.5,26.2,26.6,26.4,26.4,26.4,26.3,26.3,26.3,26.3,26.3,26.3,25.8,25.6,25.2,25.0,25.0,25.0,25.0,24.9,24.9,24.9,24.9,24.9,24.9,24.9,24.4,24.7,24.1,24.1,24.8,25.0,25.0,25.1,25.1,25.3,25.8,26.0,26.6,26.6,26.6,26.6,26.6,26.6,26.6,26.6,26.6;
SERIES<FREQ M PER 1947M01 TO 1960M01>!
PCU332991.M=24.1,24.2,24.2,24.1,24.1,24.1,24.1,24.1,24.1,24.3,24.4,24.4,24.6,24.6,24.6,24.6,24.6,24.6,25.2,25.0,25.9,27.3,27.3,27.4,27.4,27.4,27.1,27.4,27.4,27.4,27.4,27.4,27.4,27.5,27.5,27.5,27.5,27.5,27.5,27.6,27.6,27.6,27.6,27.9,28.3,28.6,28.7,28.7,29.0,29.0,29.0,29.0,29.0,29.0,29.0,29.0,29.0,29.0,29.0,29.0,29.2,29.2,29.2,29.2,29.2,29.2,28.9,28.9,28.9,28.9,28.9,28.9,28.9,28.9,28.9,29.5,29.9,30.3,30.7,30.7,30.7,30.7,30.7,30.7,30.1,30.1,30.1,29.6,29.6,29.6,29.5,29.5,29.5,29.5,29.5,29.5,30.3,31.2,31.2,31.2,31.2,31.2,31.2,31.7,32.2,32.2,32.2,33.4,33.5,33.6,33.7,34.1,34.6,34.6,35.5,36.2,37.1,37.1,37.1,37.1,37.6,37.6,37.6,37.6,37.6,37.6,37.6,37.6,37.6,37.6,38.1,37.7,37.8,37.2,37.2,37.1,37.3,37.3,37.3,35.2,35.2,35.2,35.2,35.2,35.2,36.3,36.4,34.8,34.8,34.6,34.6,34.6,34.6,34.6,34.6,34.6,34.6;
SERIES<FREQ M PER 1926M01 TO 1960M01>!
PCU333111.M=13.7,13.7,13.7,13.7,13.7,13.7,13.7,13.7,13.7,13.7,13.7,13.7,13.7,13.7,13.7,13.7,13.7,13.7,13.7,13.7,13.7,13.6,13.6,13.6,13.6,13.6,13.6,13.6,13.6,13.6,13.6,13.6,13.6,13.6,13.6,13.6,13.6,13.6,13.6,13.6,13.6,13.6,13.6,13.6,13.6,13.3,13.3,13.3,13.3,13.3,13.1,12.9,12.9,12.9,12.9,12.9,12.9,12.9,12.9,12.9,12.9,12.9,12.9,12.9,12.9,12.9,12.9,12.9,12.9,11.7,11.7,11.7,11.7,11.6,11.6,11.6,11.6,11.6,11.6,11.6,11.6,11.6,11.6,11.6,11.6,11.4,11.4,11.3,11.3,11.3,11.3,11.4,11.4,11.5,11.5,11.6,11.7,11.7,11.7,11.7,12.5,12.5,12.6,12.6,12.6,12.6,12.6,12.7,12.7,12.8,12.8,12.8,12.8,12.8,12.8,12.8,12.8,12.8,12.9,12.9,12.9,13.0,12.9,12.9,12.9,12.9,12.9,12.9,12.9,12.9,12.7,12.7,12.7,12.7,12.7,12.6,12.8,12.9,12.9,12.9,12.9,12.9,13.2,13.2,13.2,13.2,13.2,13.2,13.2,13.2,13.2,13.1,13.1,13.1,12.8,12.8,12.8,12.8,12.8,12.8,12.8,12.8,12.8,12.8,12.8,12.8,12.8,12.8,12.8,12.8,12.8,12.8,12.7,12.7,12.6,12.6,12.7,12.7,12.7,12.7,12.7,12.7,12.7,12.6,12.7,12.7,12.7,12.7,12.8,12.8,13.2,13.2,13.2,13.3,13.3,13.3,13.3,13.3,13.3,13.3,13.3,13.3,13.3,13.3,13.3,13.3,13.3,13.3,13.3,13.3,13.3,13.3,13.3,13.3,13.3,13.3,13.3,13.3,13.3,13.3,13.3,13.3,13.3,13.3,13.3,13.3,13.3,13.3,13.3,13.3,13.3,13.3,13.3,13.3,13.4,13.4,13.4,13.4,13.4,13.4,13.4,13.4,13.4,13.4,14.0,14.3,14.3,14.8,14.8,14.8,15.3,16.2,16.3,16.3,16.3,16.3,16.4,16.4,16.4,16.5,16.6,16.8,17.2,17.5,17.7,17.7,17.8,17.9,18.0,18.2,18.5,18.7,19.4,19.7,19.9,19.9,19.9,19.9,19.9,19.9,19.9,19.9,19.9,19.9,19.9,19.9,19.8,19.8,19.8,19.8,19.8,19.9,19.9,19.9,19.9,20.1,20.8,21.1,21.3,21.7,21.8,22.1,22.1,22.1,22.1,22.1,22.1,22.1,22.1,22.1,22.1,22.1,22.3,22.4,22.4,22.4,22.3,22.3,22.3,22.3,22.3,22.3,22.4,22.4,22.4,22.4,22.4,22.5,22.5,22.5,22.5,22.5,22.5,22.5,22.5,22.5,22.5,22.6,22.5,22.5,22.5,22.5,22.5,22.4,22.4,22.4,22.3,22.3,22.3,22.4,22.3,22.3,22.3,22.3,22.3,22.5,23.2,23.3,23.2,23.2,23.3,23.3,23.2,23.2,23.2,23.3,23.3,23.3,23.4,23.8,24.0,24.1,24.2,24.3,24.3,24.3,24.3,24.3,24.3,24.3,24.5,25.0,25.2,25.4,25.4,25.4,25.4,25.4,25.4,25.4,25.4,25.3,25.5,25.6,26.1,26.3,26.3,26.3,26.3,26.3,26.4,26.4,26.3,26.3,26.4,26.3,26.4,26.4,26.5;
SERIES<FREQ M PER 1947M01 TO 1960M01>!
PCU333131P.M=10.6,10.7,11.0,11.4,11.5,11.5,11.5,11.6,11.8,11.8,12.0,12.1,12.1,12.1,12.1,12.2,12.2,12.3,12.6,12.9,13.0,13.1,13.3,13.3,13.3,13.3,13.3,13.3,13.4,13.4,13.5,13.5,13.5,13.5,13.6,13.7,13.8,14.0,14.0,14.0,14.1,14.1,14.1,14.7,15.1,15.3,15.6,16.3,16.5,16.5,16.5,16.5,16.5,16.5,16.5,16.5,16.5,16.5,16.5,16.6,16.6,16.5,16.5,16.5,16.5,16.5,16.5,16.5,16.5,16.5,16.5,16.5,16.5,16.9,16.9,17.0,17.4,17.6,17.6,17.6,17.7,17.7,18.0,18.0,18.1,18.2,18.2,18.2,18.2,18.6,18.6,18.6,18.9,18.9,18.9,18.9,18.9,18.9,19.0,19.0,19.0,19.0,19.1,19.4,20.0,20.3,20.3,20.3,20.3,20.4,20.7,20.9,21.4,21.6,21.6,21.7,22.6,22.8,22.8,22.8,22.9,23.0,23.0,23.1,23.4,23.4,23.7,24.0,24.4,24.4,24.4,24.7,24.8,24.8,24.9,24.9,24.9,24.9,24.9,24.9,25.1,25.1,25.2,25.9,25.9,26.1,26.1,26.1,26.1,26.1,26.2,26.2,26.2,26.3,26.3,26.3,26.3;
SERIES<FREQ M PER 1947M01 TO 1960M01>!
PCU33351544.M=16.5,16.5,16.5,16.5,16.5,16.5,16.5,16.5,16.5,16.5,16.5,16.5,16.5,16.5,16.5,16.5,16.5,16.5,16.6,17.5,17.8,17.8,18.3,18.3,18.3,18.3,18.3,18.3,18.3,18.3,18.3,18.3,18.3,18.3,18.3,18.3,18.9,18.9,18.9,18.9,18.9,18.9,19.2,20.2,20.2,20.2,20.2,21.4,22.2,22.2,22.2,22.2,22.2,22.2,22.2,22.2,22.2,22.2,22.2,22.2,21.8,21.4,21.4,21.4,21.4,21.3,21.3,21.3,21.3,21.3,20.7,20.7,20.7,20.7,20.7,20.7,20.7,21.1,21.1,21.1,21.1,21.1,21.1,21.1,21.1,21.1,21.1,21.1,21.1,21.1,21.1,21.1,21.1,22.2,22.2,22.2,22.2,22.2,22.2,22.2,22.2,22.9,24.4,24.4,24.4,24.4,24.4,24.4,24.4,24.4,24.4,24.4,24.4,24.4,24.4,24.4,24.4,25.0,25.0,24.4,24.4,24.4,24.8,25.3,25.3,25.3,25.3,25.3,25.3,25.3,25.7,25.7,25.7,25.7,25.7,25.7,25.7,25.7,26.5,24.8,24.8,24.8,24.8,24.8,26.5,26.5,26.5,26.1,26.1,26.1,27.1,27.1,27.1,27.1,27.1,27.1,27.1;
SERIES<FREQ M PER 1947M01 TO 1960M01>!
PCU333612.M=12.2,12.5,12.8,12.8,13.0,13.1,13.4,13.4,13.4,13.7,13.8,13.8,14.0,14.1,14.2,14.2,14.4,14.4,14.8,15.2,15.5,15.7,15.7,15.7,15.8,15.9,15.9,15.9,15.8,15.6,15.5,15.5,15.5,15.5,15.4,15.4,15.4,15.4,15.4,15.5,15.5,15.5,15.8,16.4,16.5,16.7,16.9,18.1,18.3,18.3,18.3,18.3,18.3,18.3,18.3,18.3,18.3,18.3,18.3,18.3,18.3,18.3,18.1,18.1,18.1,18.1,18.1,18.1,18.1,18.1,18.1,18.1,18.1,18.2,18.2,18.4,18.5,18.6,18.7,18.9,19.1,19.3,19.3,19.4,19.4,19.4,19.4,19.4,19.4,19.4,19.4,19.4,19.4,19.4,19.4,19.3,19.3,19.7,19.9,20.0,20.0,20.0,20.6,20.7,21.1,21.5,21.6,21.6,21.6,21.8,21.9,21.9,22.5,22.5,22.5,22.8,23.6,23.6,23.8,23.9,24.0,24.3,24.3,24.5,24.5,24.5,24.7,24.9,24.8,24.9,24.9,24.9,24.9,25.0,25.0,25.0,25.0,25.0,25.0,25.0,25.0,25.2,25.3,25.3,25.4,25.5,25.4,25.4,25.4,25.4,25.5,25.5,25.5,25.5,26.3,26.3,26.3;
SERIES<FREQ M PER 1947M01 TO 1960M01>!
PCU3339211.M=24.9,25.1,25.1,25.4,25.5,25.9,25.9,26.1,26.2,26.3,26.3,26.3,26.3,26.4,26.7,26.9,26.9,26.9,26.9,27.2,28.3,28.6,28.6,28.6,28.6,28.6,28.8,28.7,28.7,28.7,28.7,28.7,28.7,28.6,28.6,28.4,28.2,28.2,28.2,28.2,28.4,28.4,28.6,28.6,28.6,28.6,29.1,30.5,30.8,30.8,30.9,30.9,30.9,30.9,30.9,30.9,31.1,31.1,31.1,31.1,31.1,31.1,31.1,31.1,31.1,31.1,31.1,31.1,31.1,31.1,31.1,31.1,31.1,31.1,31.1,31.6,31.6,31.7,31.7,31.7,31.8,31.8,31.8,31.8,31.8,32.1,32.1,32.1,32.1,32.1,32.1,32.2,32.2,32.3,32.3,32.3,32.3,32.3,32.3,32.5,32.5,32.5,33.3,33.4,33.5,33.5,33.5,33.5,33.5,33.9,33.9,33.9,35.1,35.1,35.2,35.4,35.7,36.1,36.1,36.1,36.9,37.0,37.2,37.3,37.3,37.9,37.9,37.9,37.9,38.4,38.4,38.4,38.4,38.4,38.4,37.8,37.8,37.8,37.8,37.9,37.9,37.9,37.9,37.9,37.9,37.9,37.9,37.9,37.9,38.1,38.1,38.1,38.1,38.2,38.2,38.2,38.2;
SERIES<FREQ M PER 1947M01 TO 1960M01>!
PCU333991P.M=29.1,29.1,29.1,29.1,29.1,29.1,29.1,29.1,29.1,29.7,29.9,29.9,30.3,30.4,30.4,30.4,30.4,30.4,30.8,31.3,31.3,31.3,31.5,31.5,31.7,31.7,31.7,31.7,31.7,31.7,31.7,31.7,31.7,31.6,31.6,31.6,31.5,31.5,31.5,31.5,31.5,31.5,31.5,32.1,33.5,33.6,33.6,34.3,34.7,34.8,34.8,34.8,34.8,34.8,34.8,34.8,34.8,34.8,34.8,34.7,34.6,34.7,34.7,34.7,34.6,34.6,34.6,34.6,34.6,34.6,34.6,34.6,34.8,34.8,34.8,34.9,35.7,36.1,36.1,36.1,36.1,36.1,36.1,36.1,36.2,36.2,36.2,36.2,36.2,36.2,36.2,36.7,36.7,36.8,36.8,36.8,36.8,36.9,37.0,37.0,36.9,37.3,37.6,37.6,38.1,38.4,38.4,38.3,38.3,38.5,38.5,38.5,39.9,39.9,39.9,39.9,39.8,40.0,40.0,40.2,40.4,40.4,40.5,40.5,40.5,40.7,40.7,42.0,42.0,42.0,42.2,42.2,42.2,41.9,41.9,41.9,41.9,41.9,41.9,41.9,42.1,42.1,42.4,43.7,44.0,43.9,44.0,44.0,44.0,44.0,44.0,44.0,44.0,44.0,44.0,43.8,43.9;
SERIES<FREQ M PER 1947M01 TO 1960M01>!
PCU334310.M=135.2,135.5,135.5,135.5,135.5,135.5,135.5,135.9,137.3,137.3,137.3,137.3,137.1,137.1,137.1,136.6,136.6,138.7,138.7,138.7,147.3,150.0,150.0,149.9,149.1,149.1,149.1,149.0,149.0,148.8,148.2,144.6,144.6,141.8,141.8,141.6,141.0,141.6,141.6,141.6,141.6,141.2,136.9,126.8,130.2,134.2,134.1,131.6,130.9,130.9,130.9,130.9,130.9,130.9,132.3,131.7,131.4,131.5,131.5,131.5,131.6,131.6,128.1,128.1,128.1,132.5,132.5,132.4,132.4,132.4,132.5,132.5,M,M,M,M,M,M,M,M,M,M,M,M,M,M,M,M,M,M,M,M,M,M,M,M,132.2,131.7,131.6,131.6,131.8,131.7,131.6,130.2,130.9,131.1,131.2,131.6,131.6,131.8,131.8,131.2,130.9,130.5,131.4,131.7,132.4,132.2,132.2,131.8,132.2,132.2,131.6,131.6,131.6,132.0,134.0,135.2,135.2,135.2,135.2,135.4,134.8,133.9,133.9,133.9,133.4,132.4,134.2,134.1,134.1,134.1,131.1,130.8,131.7,131.7,131.2,131.2,131.2,131.4,133.4,131.8,131.1,130.2,129.7,129.9,129.6;
SERIES<FREQ M PER 1947M01 TO 1960M01>!
PCU3352204.M=55.9,56.2,56.2,56.2,56.5,56.8,57.4,57.6,58.1,58.2,58.2,58.4,57.6,57.6,57.8,57.8,57.8,57.8,57.9,58.2,59.2,60.1,60.1,60.1,59.2,59.2,59.2,58.1,57.6,57.6,57.4,56.9,56.4,56.3,56.3,56.3,56.1,56.1,56.1,55.8,55.9,55.9,55.8,56.8,58.5,59.4,60.2,61.0,61.9,61.9,61.9,61.9,61.9,62.6,62.0,62.4,62.4,62.4,62.4,62.6,62.5,62.5,62.5,62.5,62.2,62.2,62.2,62.2,62.1,62.1,62.1,62.1,61.8,61.6,61.8,61.9,61.9,61.9,61.6,61.6,61.6,61.2,61.2,61.2,61.6,61.6,61.6,61.6,61.2,60.9,60.9,61.0,60.8,60.8,60.8,60.8,60.7,60.8,60.1,60.1,60.1,60.1,59.2,59.7,60.2,60.2,60.3,60.3,60.4,60.6,60.6,60.6,60.6,60.6,60.0,62.1,62.1,63.1,63.3,63.3,63.5,64.0,64.0,63.9,63.9,64.0,63.4,62.8,62.9,62.9,62.9,62.9,63.9,63.5,63.5,63.4,63.4,63.4,63.4,63.6,63.6,62.9,62.9,62.9,63.6,63.6,63.5,63.5,63.4,63.4,62.7,62.7,62.7,62.7,62.7,62.7,62.5;
SERIES<FREQ M PER 1950M01 TO 1960M01>!
PCU33522081.M=58.0,58.0,57.9,56.9,58.2,56.5,56.5,56.5,56.5,56.5,56.5,58.4,61.4,61.6,61.6,61.6,61.6,61.6,61.6,61.6,61.6,61.6,61.6,61.6,61.2,61.2,61.2,60.7,60.7,60.7,60.7,60.7,60.7,60.7,60.7,60.7,60.7,60.7,60.7,59.9,59.9,59.9,59.9,59.9,59.9,59.9,59.9,59.9,59.9,59.9,57.2,57.2,57.2,57.2,57.2,57.2,56.2,56.2,56.2,56.2,56.2,56.2,56.2,55.9,55.9,55.9,55.9,56.8,56.8,56.8,56.8,56.8,56.8,56.8,56.8,56.8,56.1,54.0,54.0,54.0,54.0,54.0,54.0,54.0,54.7,54.7,54.7,54.7,53.4,53.4,53.4,51.3,51.3,51.3,51.3,51.3,51.3,51.3,51.3,51.3,51.3,51.3,51.3,51.3,51.3,51.3,51.3,51.3,51.3,51.3,51.3,51.3,51.3,51.3,51.3,51.3,49.6,49.6,49.6,49.6,49.6;
SERIES<FREQ M PER 1947M01 TO 1960M01>!
PCU335312.M=21.2,21.2,21.3,21.4,23.3,23.6,23.5,23.5,23.5,23.5,23.5,23.5,23.1,23.0,22.9,22.9,22.6,22.6,23.1,23.2,23.3,23.5,23.5,23.5,23.6,23.6,23.5,23.5,23.3,23.0,22.9,22.8,22.8,22.8,22.8,22.8,22.8,22.7,23.1,23.2,23.2,23.3,23.5,25.1,25.2,25.6,25.8,27.4,28.0,28.0,28.0,28.0,28.0,28.0,28.0,28.0,28.0,28.0,28.0,28.0,28.1,28.1,28.1,28.0,28.0,27.8,27.8,27.7,27.7,27.4,27.4,27.5,27.5,27.6,27.7,27.7,28.2,28.7,28.7,28.7,28.6,28.6,28.6,28.6,28.6,28.6,28.6,28.5,28.5,28.5,28.4,28.3,28.3,28.0,28.0,28.0,28.0,27.8,27.7,27.7,27.8,27.8,28.0,28.0,28.8,28.8,29.2,29.1,29.1,29.2,29.2,30.0,30.4,30.4,30.6,30.7,31.3,31.5,32.2,32.3,32.3,32.3,32.4,32.5,32.5,32.4,32.8,32.8,33.0,32.9,32.9,33.0,33.0,33.1,33.1,33.4,33.5,33.7,33.7,33.7,33.9,33.8,33.5,33.5,33.5,33.5,33.5,33.5,33.6,33.4,33.4,33.2,33.2,33.1,33.1,33.1,33.3;
SERIES<FREQ M PER 1947M01 TO 1960M01>!
PCU335313P.M=17.1,17.1,17.2,17.4,17.8,17.9,17.9,18.0,18.0,18.0,18.0,18.0,18.0,18.1,18.1,18.0,17.9,17.9,18.7,19.5,19.4,19.4,19.4,19.4,19.7,19.9,19.9,19.4,19.4,19.3,19.3,19.3,19.3,19.3,19.3,19.3,19.3,19.3,19.3,19.3,19.4,20.3,21.2,22.0,22.2,22.8,22.8,24.1,24.6,24.5,24.5,24.5,24.5,24.5,24.5,24.5,24.5,24.5,24.4,24.4,24.1,24.1,23.9,23.7,23.7,23.7,23.7,23.7,23.6,23.4,23.6,23.6,23.6,23.6,23.6,23.6,23.7,23.9,24.0,24.6,25.0,25.0,25.1,25.2,25.2,25.2,25.2,25.2,25.2,25.2,25.2,25.2,25.2,25.2,25.2,25.2,25.2,25.2,25.2,25.2,25.3,25.2,25.2,25.9,27.2,27.2,27.2,27.5,27.5,27.5,27.5,27.8,28.2,28.4,28.4,28.6,29.2,30.2,30.6,30.5,30.6,30.6,30.6,30.6,30.9,30.9,31.1,31.1,32.0,32.0,32.1,32.1,32.1,32.2,32.2,32.2,32.3,32.4,32.4,32.4,32.0,32.0,32.0,32.0,32.0,32.0,32.3,32.3,33.0,33.3,33.3,33.3,33.3,33.2,33.2,33.2,33.2;
SERIES<FREQ M PER 1947M01 TO 1960M01>!
PCU335314P.M=16.2,16.2,16.2,16.2,16.3,16.5,16.5,16.7,16.7,16.7,16.7,16.7,16.7,16.7,16.7,16.7,16.7,16.7,17.6,18.6,18.6,18.6,18.6,18.5,18.5,18.4,18.4,18.4,18.4,18.3,18.3,18.3,18.3,18.3,18.3,18.3,18.4,18.4,18.4,18.4,18.5,20.1,21.4,22.0,22.0,22.0,21.9,22.9,23.1,23.1,23.1,23.1,23.1,23.1,23.1,23.1,23.1,23.1,23.1,23.1,23.1,23.1,23.1,23.0,23.0,23.0,22.9,22.9,22.9,22.9,22.9,22.9,22.9,22.9,22.9,22.9,22.9,22.9,22.9,23.9,24.5,24.6,24.9,25.0,25.0,25.0,25.0,25.0,25.0,25.0,25.0,25.0,25.0,25.0,25.0,25.0,25.0,25.0,25.0,25.0,25.0,25.0,25.0,25.0,26.9,26.9,26.7,27.3,27.3,27.4,27.4,27.6,27.8,28.2,28.3,28.3,28.2,30.3,30.5,30.5,30.5,30.5,30.5,30.5,31.1,31.1,31.1,31.1,32.4,32.4,32.5,32.5,32.5,32.5,32.5,32.5,32.5,32.7,32.7,32.7,32.7,32.7,32.7,32.7,32.7,32.7,32.7,32.7,34.6,35.4,35.4,35.4,35.4,35.4,35.4,35.4,35.4;
SERIES<FREQ M PER 1947M01 TO 1960M01>!
PCU335911.M=30.7,31.3,31.3,33.1,34.1,34.1,34.1,34.1,34.5,34.5,34.5,34.5,34.5,34.5,34.5,35.1,36.4,37.0,37.1,40.4,42.5,42.5,44.1,45.8,45.8,45.9,45.9,43.1,39.8,38.7,38.7,38.7,38.7,38.7,38.7,38.7,37.8,35.9,35.4,35.4,35.4,35.4,35.4,35.6,38.9,39.1,39.6,40.7,40.9,40.9,40.9,40.9,40.9,41.1,42.3,42.3,42.3,42.3,43.3,42.7,42.7,43.1,43.1,42.7,42.7,41.2,41.2,41.2,41.2,41.2,41.2,41.2,41.2,41.2,41.2,41.1,40.8,40.8,41.4,41.3,41.3,41.3,41.3,41.3,41.3,41.3,41.3,40.6,39.1,39.1,39.1,39.1,39.1,39.1,40.3,40.3,40.3,40.3,40.0,40.0,40.0,40.0,40.0,40.0,40.0,40.1,40.1,40.3,41.2,42.1,42.1,42.3,42.3,42.3,42.3,43.3,44.9,44.9,44.9,44.9,44.9,45.9,46.0,46.0,46.0,46.4,46.4,46.4,46.3,46.3,46.3,46.3,46.3,46.3,46.3,46.0,46.0,46.4,46.4,46.4,46.4,46.4,46.4,46.5,46.8,46.8,46.8,46.8,46.8,46.8,45.9,45.9,48.2,48.2,48.2,48.2,48.2;
SERIES<FREQ M PER 1947M01 TO 1960M01>!
PCU337124.M=40.5,40.5,40.5,40.5,40.5,40.5,39.9,41.3,42.6,43.2,43.2,43.4,43.4,43.4,43.4,43.4,43.4,43.4,44.1,46.3,46.5,46.5,46.5,46.5,46.9,46.9,46.9,46.8,46.6,46.6,44.4,44.4,44.4,44.4,44.4,44.4,43.7,43.6,43.6,43.6,43.6,45.0,45.0,46.1,47.6,48.4,48.7,50.8,51.4,51.4,51.4,51.4,51.4,50.6,50.3,49.9,49.9,49.9,49.9,49.1,48.7,48.7,48.7,48.7,48.7,48.7,48.8,48.8,48.8,48.6,48.6,48.7,49.1,49.5,49.5,49.8,49.7,49.7,49.1,49.3,49.4,49.4,49.4,49.4,49.4,48.8,48.9,48.9,49.0,49.0,49.0,48.9,48.7,48.7,48.8,48.8,48.1,48.1,48.5,48.5,48.7,48.3,47.5,47.9,48.2,48.2,48.2,48.2,48.8,48.9,48.9,48.9,49.0,49.1,49.1,49.0,49.6,50.0,50.0,50.0,49.9,49.9,49.9,49.9,49.9,49.9,50.5,50.5,49.6,49.6,49.6,49.7,49.8,49.8,49.8,49.8,49.8,49.8,49.8,49.9,49.9,50.2,50.4,50.4,51.0,51.0,51.0,51.0,51.0,51.0,51.3,51.3,51.3,51.4,51.4,51.3,51.6;
SERIES<FREQ M PER 1947M01 TO 1960M01>!
PCU3399930.M=39.3,39.3,39.3,39.3,39.3,39.3,39.3,39.3,39.3,39.3,39.3,39.3,39.3,39.3,39.3,39.3,39.3,39.3,39.3,39.3,39.3,38.4,38.4,38.4,38.4,38.4,37.9,32.1,32.1,32.1,32.1,32.1,32.1,32.1,32.1,32.1,32.1,32.1,32.1,32.1,31.3,31.3,31.3,32.6,34.1,34.7,36.0,36.2,36.2,37.3,37.3,37.3,37.3,37.3,37.3,37.3,37.3,37.3,37.3,37.3,36.8,36.8,35.9,34.6,32.0,32.0,32.0,31.7,31.7,31.7,31.7,32.6,32.6,32.6,33.0,32.4,32.4,32.4,32.4,32.6,32.6,32.6,32.6,32.6,32.6,32.6,32.6,32.6,32.6,34.1,34.1,34.1,33.9,33.9,33.9,33.9,33.9,32.0,32.0,32.0,32.0,32.0,31.1,31.1,31.1,31.1,31.1,31.1,31.8,31.8,32.2,32.8,32.9,32.9,32.9,32.9,33.3,33.3,33.3,33.3,33.3,33.3,33.3,33.7,33.7,33.7,33.7,33.7,33.7,33.7,33.9,34.3,33.7,33.7,33.7,33.7,33.7,33.7,33.7,33.7,33.7,33.7,33.7,33.7,33.7,33.7,33.7,33.7,33.7,33.7,33.7,33.1,33.1,33.7,33.7,33.7,33.7;
SERIES<FREQ M PER 1947M01 TO 1960M01>!
PCU339993P.M=39.3,39.3,39.3,39.3,39.3,39.3,39.3,39.3,39.3,39.3,39.3,39.3,39.3,39.3,39.3,39.3,39.3,39.3,39.3,39.3,39.3,38.4,38.4,38.4,38.4,38.4,37.9,32.1,32.1,32.1,32.1,32.1,32.1,32.1,32.1,32.1,32.1,32.1,32.1,32.1,31.3,31.3,31.3,32.6,34.1,34.7,36.0,36.2,36.2,37.3,37.3,37.3,37.3,37.3,37.3,37.3,37.3,37.3,37.3,37.3,36.8,36.8,35.9,34.6,32.0,32.0,32.0,31.7,31.7,31.7,31.7,32.6,32.6,32.6,33.0,32.4,32.4,32.4,32.4,32.6,32.6,32.6,32.6,32.6,32.6,32.6,32.6,32.6,32.6,34.1,34.1,34.1,33.9,33.9,33.9,33.9,33.9,32.0,32.0,32.0,32.0,32.0,31.1,31.1,31.1,31.1,31.1,31.1,31.8,31.8,32.2,32.8,32.9,32.9,32.9,32.9,33.3,33.3,33.3,33.3,33.3,33.3,33.3,33.7,33.7,33.7,33.7,33.7,33.7,33.7,33.9,34.3,33.7,33.7,33.7,33.7,33.7,33.7,33.7,33.7,33.7,33.7,33.7,33.7,33.7,33.7,33.7,33.7,33.7,33.7,33.7,33.1,33.1,33.7,33.7,33.7,33.7;
